    2.39789527279837    -4.94569558304108
    2.56494935746154    -5.27969771117537
    2.77258872223978    -5.69488560530316
    2.99573227355399     -6.1411091906787
     3.2188758248682    -6.58735564438221
    3.43398720448515    -7.01755313810461
    3.63758615972639    -7.42473532904701
     3.8286413964891    -7.80683586994107
    4.00733318523247     -8.1642130339022
    4.17438726989564    -8.49831696286916
    4.33073334028633    -8.81100623336353
    4.47733681447821    -9.10421119473681
    4.61512051684126    -9.37977719479982
    4.74493212836325    -9.63939940552529
    4.86753445045558    -9.88460330716919
    4.98360662170834    -10.1167470959862
    5.09375020080676    -10.3370338354573
    5.19849703126583    -10.5465271751014
    5.29831736654804    -10.7461675960084
    5.39362754635236    -10.9367877600145
    5.48479693349065     -11.119126378581
    5.57215403217776    -11.2938404508754
    5.65599181081985     -11.461515907625
    5.73657229747919    -11.6226767984569
    5.81413053182507    -11.7777931998109
    5.88887795833288     -11.927287995369
    5.96100533962327    -12.0715427130929
    6.03068526026126    -12.2109025171044
    6.09807428216624    -12.3456805267047
    6.16331480403464    -12.4761615416233
    6.22653666928747    -12.6026052466983
    6.28785856016178    -12.7252490131925
    6.34738920965601    -12.8443102927741
    6.40522845803084    -12.9599887687052
    6.46146817635372    -13.0724681934313
    6.51619307604296    -13.1819179862642
     6.5694814204143    -13.2884946514974
    6.62140565176413    -13.3923431301075
    6.67203294546107    -13.4935976985052
    6.72142570079064    -13.5923832109239
     6.7696419768525     -13.688815756636
    6.81673588059497    -13.7830035462361
     6.8627579130514    -13.8750475935904
    6.90775527898214    -13.9650423418629
    6.95177216439891    -14.0530760715145
    6.99484998583307    -14.1392317459241
    7.03702761468628    -14.2235870396115
    7.07834157955767    -14.3062149221964
    7.11882624906208    -14.3871842585529
