121
200
280
40
0 0 0
1 0 0.1
2 0 0.2
3 0 0.3
4 0 0.4
5 0 0.5
6 0 0.6
7 0 0.7
8 0 0.8
9 0 0.9
10 0 1
11 0.1 0
12 0.1 0.1
13 0.1 0.2
14 0.1 0.3
15 0.1 0.4
16 0.1 0.5
17 0.1 0.6
18 0.1 0.7
19 0.1 0.8
20 0.1 0.9
21 0.1 1
22 0.2 0
23 0.2 0.1
24 0.2 0.2
25 0.2 0.3
26 0.2 0.4
27 0.2 0.5
28 0.2 0.6
29 0.2 0.7
30 0.2 0.8
31 0.2 0.9
32 0.2 1
33 0.3 0
34 0.3 0.1
35 0.3 0.2
36 0.3 0.3
37 0.3 0.4
38 0.3 0.5
39 0.3 0.6
40 0.3 0.7
41 0.3 0.8
42 0.3 0.9
43 0.3 1
44 0.4 0
45 0.4 0.1
46 0.4 0.2
47 0.4 0.3
48 0.4 0.4
49 0.4 0.5
50 0.4 0.6
51 0.4 0.7
52 0.4 0.8
53 0.4 0.9
54 0.4 1
55 0.5 0
56 0.5 0.1
57 0.5 0.2
58 0.5 0.3
59 0.5 0.4
60 0.5 0.5
61 0.5 0.6
62 0.5 0.7
63 0.5 0.8
64 0.5 0.9
65 0.5 1
66 0.6 0
67 0.6 0.1
68 0.6 0.2
69 0.6 0.3
70 0.6 0.4
71 0.6 0.5
72 0.6 0.6
73 0.6 0.7
74 0.6 0.8
75 0.6 0.9
76 0.6 1
77 0.7 0
78 0.7 0.1
79 0.7 0.2
80 0.7 0.3
81 0.7 0.4
82 0.7 0.5
83 0.7 0.6
84 0.7 0.7
85 0.7 0.8
86 0.7 0.9
87 0.7 1
88 0.8 0
89 0.8 0.1
90 0.8 0.2
91 0.8 0.3
92 0.8 0.4
93 0.8 0.5
94 0.8 0.6
95 0.8 0.7
96 0.8 0.8
97 0.8 0.9
98 0.8 1
99 0.9 0
100 0.9 0.1
101 0.9 0.2
102 0.9 0.3
103 0.9 0.4
104 0.9 0.5
105 0.9 0.6
106 0.9 0.7
107 0.9 0.8
108 0.9 0.9
109 0.9 1
110 1 0
111 1 0.1
112 1 0.2
113 1 0.3
114 1 0.4
115 1 0.5
116 1 0.6
117 1 0.7
118 1 0.8
119 1 0.9
120 1 1
0 0 11 12
1 0 12 1
2 1 12 13
3 1 13 2
4 2 13 14
5 2 14 3
6 3 14 15
7 3 15 4
8 4 15 16
9 4 16 5
10 5 16 17
11 5 17 6
12 6 17 18
13 6 18 7
14 7 18 19
15 7 19 8
16 8 19 20
17 8 20 9
18 9 20 21
19 9 21 10
20 11 22 23
21 11 23 12
22 12 23 24
23 12 24 13
24 13 24 25
25 13 25 14
26 14 25 26
27 14 26 15
28 15 26 27
29 15 27 16
30 16 27 28
31 16 28 17
32 17 28 29
33 17 29 18
34 18 29 30
35 18 30 19
36 19 30 31
37 19 31 20
38 20 31 32
39 20 32 21
40 22 33 34
41 22 34 23
42 23 34 35
43 23 35 24
44 24 35 36
45 24 36 25
46 25 36 37
47 25 37 26
48 26 37 38
49 26 38 27
50 27 38 39
51 27 39 28
52 28 39 40
53 28 40 29
54 29 40 41
55 29 41 30
56 30 41 42
57 30 42 31
58 31 42 43
59 31 43 32
60 33 44 45
61 33 45 34
62 34 45 46
63 34 46 35
64 35 46 47
65 35 47 36
66 36 47 48
67 36 48 37
68 37 48 49
69 37 49 38
70 38 49 50
71 38 50 39
72 39 50 51
73 39 51 40
74 40 51 52
75 40 52 41
76 41 52 53
77 41 53 42
78 42 53 54
79 42 54 43
80 44 55 56
81 44 56 45
82 45 56 57
83 45 57 46
84 46 57 58
85 46 58 47
86 47 58 59
87 47 59 48
88 48 59 60
89 48 60 49
90 49 60 61
91 49 61 50
92 50 61 62
93 50 62 51
94 51 62 63
95 51 63 52
96 52 63 64
97 52 64 53
98 53 64 65
99 53 65 54
100 55 66 67
101 55 67 56
102 56 67 68
103 56 68 57
104 57 68 69
105 57 69 58
106 58 69 70
107 58 70 59
108 59 70 71
109 59 71 60
110 60 71 72
111 60 72 61
112 61 72 73
113 61 73 62
114 62 73 74
115 62 74 63
116 63 74 75
117 63 75 64
118 64 75 76
119 64 76 65
120 66 77 78
121 66 78 67
122 67 78 79
123 67 79 68
124 68 79 80
125 68 80 69
126 69 80 81
127 69 81 70
128 70 81 82
129 70 82 71
130 71 82 83
131 71 83 72
132 72 83 84
133 72 84 73
134 73 84 85
135 73 85 74
136 74 85 86
137 74 86 75
138 75 86 87
139 75 87 76
140 77 88 89
141 77 89 78
142 78 89 90
143 78 90 79
144 79 90 91
145 79 91 80
146 80 91 92
147 80 92 81
148 81 92 93
149 81 93 82
150 82 93 94
151 82 94 83
152 83 94 95
153 83 95 84
154 84 95 96
155 84 96 85
156 85 96 97
157 85 97 86
158 86 97 98
159 86 98 87
160 88 99 100
161 88 100 89
162 89 100 101
163 89 101 90
164 90 101 102
165 90 102 91
166 91 102 103
167 91 103 92
168 92 103 104
169 92 104 93
170 93 104 105
171 93 105 94
172 94 105 106
173 94 106 95
174 95 106 107
175 95 107 96
176 96 107 108
177 96 108 97
178 97 108 109
179 97 109 98
180 99 110 111
181 99 111 100
182 100 111 112
183 100 112 101
184 101 112 113
185 101 113 102
186 102 113 114
187 102 114 103
188 103 114 115
189 103 115 104
190 104 115 116
191 104 116 105
192 105 116 117
193 105 117 106
194 106 117 118
195 106 118 107
196 107 118 119
197 107 119 108
198 108 119 120
199 108 120 109
