-2.99999630629022 2.99999630629022 3.0835308335935 0.0835345273032817
-2.99996675666657 2.99996675666657 3.08341468501819 0.083447928351617
-2.99990765771034 2.99990765771034 3.08318247778763 0.083274820077289
-2.99981901000364 2.99981901000364 3.08283439164964 0.0830153816459993
-2.99970081441964 2.99970081441964 3.08237069599526 0.0826698815756273
-2.99955307212255 2.99955307212255 3.08179174958225 0.0822386774596966
-2.99937578456762 2.99937578456762 3.08109800016671 0.0817222155990933
-2.99916895350111 2.99916895350111 3.08028998404354 0.0811210305424286
-2.99893258096029 2.99893258096029 3.07936832549579 0.0804357445355022
-2.99866666927339 2.99866666927339 3.07833373615383 0.0796670668804347
-2.99837122105962 2.99837122105962 3.07718701426475 0.0788157932051314
-2.99804623922911 2.99804623922911 3.07592904387292 0.0778828046438078
-2.99769172698289 2.99769172698289 3.07456079391233 0.0768690669294396
-2.99730768781287 2.99730768781287 3.07308331721189 0.0757756293990242
-2.99689412550179 2.99689412550179 3.07149774941451 0.0746036239127248
-2.99645104412319 2.99645104412319 3.06980530781114 0.0733542636879565
-2.99597844804137 2.99597844804137 3.068007290091 0.0720288420496273
-2.99547634191135 2.99547634191135 3.06610507300916 0.070628731097806
-2.99494473067883 2.99494473067883 3.06410011097302 0.0691553802941889
-2.9943836195801 2.9943836195801 3.06199393454889 0.0676103149687917
-2.99379301414206 2.99379301414206 3.05978814889047 0.065995134748416
-2.99317292018209 2.99317292018209 3.05748443209057 0.0643115119084863
-2.99252334380805 2.99252334380805 3.05508453345798 0.0625611896499314
-2.9918442914182 2.9918442914182 3.0525902717211 0.0607459803029005
-2.99113576970113 2.99113576970113 3.05000353316026 0.0588677634591264
-2.99039778563569 2.99039778563569 3.04732626967055 0.0569284840348603
-2.98963034649094 2.98963034649094 3.04456049675729 0.0549301502663475
-2.98883345982608 2.98883345982608 3.041708291466 0.0528748316399201
-2.98800713349034 2.98800713349034 3.03877179024912 0.0507646567587785
-2.98715137562295 2.98715137562295 3.03575318677166 0.0486018111487097
-2.98626619465302 2.98626619465302 3.03265472965793 0.0463885350049122
-2.98535159929949 2.98535159929949 3.02947872018179 0.0441271208823006
-2.98440759857101 2.98440759857101 3.02622750990263 0.0418199113316198
-2.98343420176589 2.98343420176589 3.02290349824968 0.0394692964837837
-2.98243141847198 2.98243141847198 3.01950913005692 0.0370777115849341
-2.98139925856658 2.98139925856658 3.0160468930513 0.0346476344847257
-2.98033773221634 2.98033773221634 3.01251931529676 0.0321815830804195
-2.97924684987718 2.97924684987718 3.00892896259656 0.0296821127193865
-2.97812662229416 2.97812662229416 3.00527843585687 0.0271518135627122
-2.97697706050141 2.97697706050141 3.00157036841397 0.0245933079125602
-2.97579817582197 2.97579817582197 2.99780742332805 0.0220092475060798
-2.97458997986773 2.97458997986773 2.99399229064632 0.0194023107785837
-2.97335248453928 2.97335248453928 2.99012768463812 0.0167752000988379
-2.97208570202581 2.97208570202581 2.98621634100509 0.0141306389792799
-2.97078964480497 2.97078964480497 2.98226101406899 0.0114713692640209
-2.9694643256428 2.9694643256428 2.97826447394033 0.0088001482975324
-2.96810975759353 2.96810975759353 2.97422950367042 0.00611974607689891
-2.9667259539995 2.9667259539995 2.97015889639007 0.00343294239056835
-2.96531292849102 2.96531292849102 2.96605545243757 0.000742523946547724
-2.96387069498624 2.96387069498624 2.9619219764792 0.0019487185070397
-2.96239926769099 2.96239926769099 2.95776127462493 0.00463799306605628
-2.96089866109866 2.96089866109866 2.9535761515425 0.0073225095561571
-2.95936888999005 2.95936888999005 2.94936940757271 0.0099994824173435
-2.95780996943325 2.95780996943325 2.94514383584895 0.0126661335843012
-2.95622191478344 2.95622191478344 2.94090221942388 0.0153196953595622
-2.95460474168277 2.95460474168277 2.93664732840624 0.0179574132765348
-2.95295846606023 2.95295846606023 2.93238191711076 0.0205765489494687
-2.95128310413143 2.95128310413143 2.928108721224 0.0231743829074267
-2.94957867239851 2.94957867239851 2.92383045498918 0.0257482174093315
-2.94784518764992 2.94784518764992 2.9195498084127 0.0282953792372203
-2.94608266696029 2.94608266696029 2.91526944449548 0.0308132224648068
-2.94429112769025 2.94429112769025 2.91099199649173 0.0332991311985245
-2.94247058748626 2.94247058748626 2.90672006519805 0.0357505222882177
-2.94062106428044 2.94062106428044 2.90245621627576 0.0381648480046803
-2.93874257629037 2.93874257629037 2.89820297760906 0.0405395986813146
-2.93683514201896 2.93683514201896 2.89396283670181 0.0428723053171467
-2.93489878025421 2.93489878025421 2.88973823811565 0.0451605421385559
-2.93293351006906 2.93293351006906 2.88553158095202 0.0474019291170431
-2.93093935082121 2.93093935082121 2.88134521638074 0.0495941344404667
-2.9289163221529 2.9289163221529 2.87718144521773 0.0517348769351731
-2.92686444399073 2.92686444399073 2.8730425155542 0.0538219284365313
-2.92478373654547 2.92478373654547 2.86893062044004 0.0558531161054279
-2.92267422031185 2.92267422031185 2.86484789562353 0.0578263246883184
-2.92053591606837 2.92053591606837 2.86079641734988 0.0597394987184883
-2.91836884487708 2.91836884487708 2.8567782002208 0.0615906446562753
-2.91617302808339 2.91617302808339 2.85279519511739 0.0633778329660002
-2.91394848731584 2.91394848731584 2.84884928718836 0.0650992001274773
-2.91169524448591 2.91169524448591 2.8449422939059 0.0667529505800073
-2.90941332178778 2.90941332178778 2.84107596319094 0.0683373585968416
-2.90710274169814 2.90710274169814 2.83725197160998 0.0698507700881588
-2.90476352697594 2.90476352697594 2.83347192264525 0.0712916043306855
-2.90239570066217 2.90239570066217 2.82973734504 0.0726583556221674
-2.89999928607966 2.89999928607966 2.82604969122072 0.0739495948589424
-2.89757430683282 2.89757430683282 2.82241033579782 0.0751639710349945
-2.89512078680742 2.89512078680742 2.81882057414651 0.0763002126609074
-2.89263875017036 2.89263875017036 2.81528162106913 0.0773571291012285
-2.89012822136941 2.89012822136941 2.81179460954055 0.0783336118288527
-2.88758922513299 2.88758922513299 2.80836058953789 0.0792286355951006
-2.88502178646995 2.88502178646995 2.80498052695571 0.0800412595142408
-2.88242593066924 2.88242593066924 2.80165530260789 0.0807706280613556
-2.87980168329977 2.87980168329977 2.79838571131733 0.0814159719824366
-2.87714907021006 2.87714907021006 2.79517246109428 0.0819766091157756
-2.87446811752806 2.87446811752806 2.79201617240429 0.0824519451237729
-2.87175885166085 2.87175885166085 2.78891737752649 0.0828414741343559
-2.86902129929438 2.86902129929438 2.78587652000305 0.0831447792913322
-2.86625548739325 2.86625548739325 2.78289395418019 0.0833615332130582
-2.86346144320037 2.86346144320037 2.77996994484144 0.0834914983589314
-2.86063919423678 2.86063919423678 2.7771046669335 0.0835345273032813
-2.85778876830131 2.85778876830131 2.77429820538497 0.0834905629163356
-2.85491019347031 2.85491019347031 2.77155055501827 0.0833596384520447
-2.85200349809745 2.85200349809745 2.76886162055481 0.0831418775426354
-2.84906871081332 2.84906871081332 2.76623121671348 0.0828374940998424
-2.84610586052526 2.84610586052526 2.76365906840236 0.082446792122902
-2.843114976417 2.843114976417 2.76114481100356 0.0819701654134417
-2.84009608794842 2.84009608794842 2.75868799075088 0.0814080971975346
-2.83704922485522 2.83704922485522 2.75628806519997 0.0807611596552489
-2.83397441714865 2.83397441714865 2.75394440379051 0.0800300133581495
-2.83087169511524 2.83087169511524 2.75165628849997 0.0792154066152695
-2.82774108931643 2.82774108931643 2.74942291458823 0.078318174728198
-2.82458263058834 2.82458263058834 2.74724339143235 0.0773392391559926
-2.82139635004143 2.82139635004143 2.74511674345069 0.0762796065907394
-2.81818227906021 2.81818227906021 2.74304191111555 0.0751403679446629
-2.8149404493029 2.8149404493029 2.74101775205311 0.0739226972497864
-2.81167089270116 2.81167089270116 2.73904304222993 0.0726278504712341
-2.80837364145976 2.80837364145976 2.73711647722443 0.0712571642353348
-2.80504872805624 2.80504872805624 2.73523667358243 0.0698120544738132
-2.80169618524064 2.80169618524064 2.73340217025523 0.0682940149854052
-2.7983160460351 2.7983160460351 2.73161143011876 0.0667046159163371
-2.79490834373362 2.79490834373362 2.72986284157244 0.0650455021611873
-2.79147311190169 2.79147311190169 2.72815472021596 0.0633183916857343
-2.78801038437594 2.78801038437594 2.72648531060247 0.0615250737734696
-2.78452019526386 2.78452019526386 2.72485278806632 0.0596674071975425
-2.7810025789434 2.7810025789434 2.72325526062343 0.0577473183199717
-2.77745757006269 2.77745757006269 2.72169077094266 0.0557667991200304
-2.77388520353967 2.77388520353967 2.72015729838585 0.0537279051538193
-2.77028551456174 2.77028551456174 2.7186527611147 0.0516327534470435
-2.76665853858543 2.76665853858543 2.71717501826226 0.0494835203231685
-2.76300431133604 2.76300431133604 2.71572187216693 0.0472824391691131
-2.7593228688073 2.7593228688073 2.71429107066653 0.0450317981407657
-2.75561424726099 2.75561424726099 2.71288030945035 0.0427339378106399
-2.75187848322663 2.75187848322663 2.71148723446659 0.0403912487600433
-2.74811561350106 2.74811561350106 2.71010944438284 0.038006169118221
-2.74432567514812 2.74432567514812 2.70874449309715 0.0355811820509673
-2.74050870549827 2.74050870549827 2.70738989229703 0.0331188132012454
-2.73666474214824 2.73666474214824 2.70604311406382 0.0306216280844285
-2.73279382296063 2.73279382296063 2.70470159351982 0.0280922294408157
-2.72889598606356 2.72889598606356 2.70336273151544 0.0255332545481148
-2.72497126985026 2.72497126985026 2.70202389735364 0.0229473724966258
-2.72101971297876 2.72101971297876 2.70068243154885 0.0203372814299136
-2.71704135437145 2.71704135437145 2.69933564861767 0.0177057057537775
-2.7130362332147 2.7130362332147 2.69798083989832 0.0150553933163788
-2.7090043889585 2.7090043889585 2.69661527639611 0.0123891125623885
-2.70494586131606 2.70494586131606 2.69523621165197 0.00970964966409316
-2.70086069026342 2.70086069026342 2.69384088463105 0.00701980563237603
-2.69674891603906 2.69674891603906 2.69242652262853 0.00432239341052609
-2.69261057914347 2.69261057914347 2.69099034418959 0.00162023495387764
-2.68844572033882 2.68844572033882 2.68952956204056 0.00108384170174558
-2.68425438064848 2.68425438064848 2.68804138602825 0.00378700537976595
-2.68003660135669 2.68003660135669 2.68652302606444 0.00648642470774785
-2.67579242400808 2.67579242400808 2.6849716950725 0.00917927106442074
-2.67152189040733 2.67152189040733 2.68338461193315 0.0118627215258207
-2.6672250426187 2.6672250426187 2.68175900442618 0.0145339618074827
-2.66290192296566 2.66290192296566 2.68009211216535 0.0171901891996908
-2.65855257403044 2.65855257403044 2.67838118952317 0.0198286154927234
-2.65417703865365 2.65417703865365 2.67662350854276 0.0224464698891098
-2.64977535993381 2.64977535993381 2.67481636183368 0.0250410018998668
-2.64534758122696 2.64534758122696 2.67295706544868 0.0276094842217263
-2.64089374614621 2.64089374614621 2.6710429617386 0.0301492155923908
-2.63641389856133 2.63641389856133 2.66907142218218 0.0326575236208426
-2.63190808259833 2.63190808259833 2.66703985018811 0.035131767589788
-2.62737634263896 2.62737634263896 2.66494568386628 0.0375693412273193
-2.62281872332036 2.62281872332036 2.66278639876529 0.0399676754449221
-2.61823526953457 2.61823526953457 2.66055951057355 0.0423242410389841
-2.61362602642808 2.61362602642808 2.65826257778106 0.0446365513529838
-2.60899103940141 2.60899103940141 2.65589320429901 0.0469021648976038
-2.60433035410866 2.60433035410866 2.65344904203467 0.049118687926013
-2.59964401645706 2.59964401645706 2.65092779341871 0.0512837769616548
-2.59493207260649 2.59493207260649 2.64832721388236 0.0533951412758653
-2.59019456896908 2.59019456896908 2.64564511428185 0.0554505453127736
-2.58543155220869 2.58543155220869 2.64287936326757 0.0574478110588821
-2.5806430692405 2.5806430692405 2.64002788959541 0.0593848203549063
-2.57582916723053 2.57582916723053 2.63708868437791 0.0612595171473771
-2.57098989359516 2.57098989359516 2.63405980327284 0.0630699096776817
-2.56612529600069 2.56612529600069 2.6309393686069 0.0648140726062105
-2.56123542236286 2.56123542236286 2.62772557143223 0.0664901490693666
-2.55632032084637 2.55632032084637 2.62441667351363 0.0680963526672653
-2.55138003986441 2.55138003986441 2.6210110092444 0.0696309693799932
-2.54641462807818 2.54641462807818 2.61750698748861 0.0710923594104242
-2.54142413439644 2.54142413439644 2.61390309334802 0.0724789589515789
-2.53640860797498 2.53640860797498 2.61019788985165 0.073789281876671
-2.53136809821616 2.53136809821616 2.60639001956617 0.0750219213500141
-2.52630265476844 2.52630265476844 2.60247820612548 0.0761755513570477
-2.52121232752585 2.52121232752585 2.59846125567769 0.0772489281518394
-2.51609716662756 2.51609716662756 2.59433805824803 0.0782408916204753
-2.5109572224573 2.5109572224573 2.59010758901618 0.0791503665588751
-2.50579254564295 2.50579254564295 2.58576890950655 0.0799763638635991
-2.500603187056 2.500603187056 2.58132116869036 0.0807179816343635
-2.49538919781103 2.49538919781103 2.57676360399804 0.0813744061870088
-2.49015062926524 2.49015062926524 2.57209554224106 0.0819449129758185
-2.48488753301795 2.48488753301795 2.56731640044205 0.0824288674241043
-2.47959996091006 2.47959996091006 2.56242568657221 0.0828257256621514
-2.47428796502354 2.47428796502354 2.55742300019516 0.0831350351716216
-2.46895159768097 2.46895159768097 2.55230803301665 0.0833564353356806
-2.46359091144495 2.46359091144495 2.54708056933912 0.0834896578941757
-2.45820595911763 2.45820595911763 2.54174048642091 0.0835345273032808
-2.45279679374019 2.45279679374019 2.53628775473933 0.0834909609991437
-2.44736346859229 2.44736346859229 2.53072243815744 0.0833589695651522
-2.44190603719157 2.44190603719157 2.52504469399412 0.0831386568025527
-2.4364245532931 2.4364245532931 2.51925477299731 0.0828302197042139
-2.43091907088889 2.43091907088889 2.51335301922037 0.0824339483314787
-2.42538964420731 2.42538964420731 2.50733986980142 0.0819502255941091
-2.41983632771259 2.41983632771259 2.50121585464602 0.081379526933433
-2.41425917610426 2.41425917610426 2.49498159601319 0.0807224199089238
-2.40865824431665 2.40865824431665 2.48863780800514 0.0799795636884957
-2.40303358751828 2.40303358751828 2.48218529596125 0.0791517084429691
-2.3973852611114 2.3973852611114 2.47562495575656 0.0782396946451667
-2.39171332073137 2.39171332073137 2.46895777300566 0.0772444522742872
-2.38601782224617 2.38601782224617 2.4621848221724 0.0761669999262331
-2.38029882175582 2.38029882175582 2.45530726558653 0.0750084438307148
-2.37455637559181 2.37455637559181 2.44832635236782 0.0737699767760116
-2.36879054031659 2.36879054031659 2.44124341725898 0.0724528769423878
-2.363001372723 2.363001372723 2.43405987936825 0.0710585066452549
-2.35718892983366 2.35718892983366 2.42677724082292 0.0695883109892579
-2.35135326890049 2.35135326890049 2.41939708533504 0.068043816434546
-2.34549444740409 2.34549444740409 2.4119210766807 0.0664266292766116
-2.33961252305318 2.33961252305318 2.40435095709431 0.0647384340411334
-2.33370755378405 2.33370755378405 2.39668854557942 0.0629809917953765
-2.32777959775997 2.32777959775997 2.38893573613774 0.0611561383777648
-2.32182871337065 2.32182871337065 2.38109449591801 0.0592657825473601
-2.31585495923163 2.31585495923163 2.37316686328665 0.0573119040550196
-2.30985839418369 2.30985839418369 2.36515494582183 0.0552965516381403
-2.30383907729233 2.30383907729233 2.35706091823325 0.0532218409409206
-2.29779706784714 2.29779706784714 2.34888702020935 0.0510899523622101
-2.29173242536123 2.29173242536123 2.34063555419426 0.0489031288330271
-2.28564520957063 2.28564520957063 2.3323088830966 0.0466636735259711
-2.27953548043374 2.27953548043374 2.3239094279325 0.0443739474987588
-2.27340329813068 2.27340329813068 2.31543966540492 0.0420363672742341
-2.26724872306277 2.26724872306277 2.30690212542204 0.0396534023592614
-2.26107181585188 2.26107181585188 2.29829938855681 0.0372275727049298
-2.25487263733982 2.25487263733982 2.28963408345047 0.034761446110648
-2.24865124858782 2.24865124858782 2.2809088841625 0.0322576355746786
-2.24240771087585 2.24240771087585 2.27212650746962 0.0297187965937753
-2.23614208570204 2.23614208570204 2.26328971011667 0.0271476244146336
-2.22985443478209 2.22985443478209 2.25440128602199 0.024546851239899
-2.22354482004865 2.22354482004865 2.24546406344019 0.0219192433915398
-2.21721330365072 2.21721330365072 2.23648090208517 0.0192675984344506
-2.21085994795301 2.21085994795301 2.22745469021618 0.0165947422631669
-2.20448481553535 2.20448481553535 2.21838834169001 0.0139035261546545
-2.19808796919208 2.19808796919208 2.20928479298221 0.0111968237901277
-2.19166947193141 2.19166947193141 2.20014700018034 0.00847752824893266
-2.18522938697481 2.18522938697481 2.19097793595234 0.00574854897753285
-2.17876777775638 2.17876777775638 2.18178058649306 0.00301280873667853
-2.17228470792225 2.17228470792225 2.17255794845212 0.000273240529869767
-2.16578024132991 2.16578024132991 2.16331302584614 0.00246721548376927
-2.15925444204763 2.15925444204763 2.15404882695859 0.00520561508903672
-2.15270737435379 2.15270737435379 2.14476836123032 0.00793901312346978
-2.14613910273627 2.14613910273627 2.13547463614403 0.0106644665922397
-2.13954969189179 2.13954969189179 2.12617065410586 0.0133790377859331
-2.13293920672531 2.13293920672531 2.11685940932729 0.0160797973980129
-2.12630771234935 2.12630771234935 2.10754388471058 0.0187638276387698
-2.11965527408338 2.11965527408338 2.09822704874086 0.021428225342528
-2.11298195745318 2.11298195745318 2.08891185238825 0.0240701050649235
-2.10628782819014 2.10628782819014 2.0796012260231 0.0266866021670373
-2.09957295223068 2.09957295223068 2.07029807634749 0.0292748758831953
-2.09283739571558 2.09283739571558 2.06100528334634 0.031832112369246
-2.0860812249893 2.0860812249893 2.05172569726114 0.0343555277281586
-2.07930450659935 2.07930450659935 2.04246213558959 0.0368423710097652
-2.07250730729565 2.07250730729565 2.0332173801141 0.0392899271815517
-2.06568969402983 2.06568969402983 2.02399417396248 0.0416955200673548
-2.05885173395462 2.05885173395462 2.01479521870371 0.0440565152509076
-2.05199349442314 2.05199349442314 2.00562317148197 0.0463703229411707
-2.04511504298829 2.04511504298829 1.99648064219185 0.0486344007964412
-2.03821644740201 2.03821644740201 1.98737019069776 0.0508462567042536
-2.03129777561471 2.03129777561471 1.97829432410059 0.0530034515141209
-2.02435909577452 2.02435909577452 1.96925549405427 0.0551036017202415
-2.01740047622663 2.01740047622663 1.96025609413535 0.0571443820912867
-2.01042198551268 2.01042198551268 1.95129845726819 0.059123528244492
-2.00342369236999 2.00342369236999 1.94238485320873 0.0610388391612646
-1.99640566573097 1.99640566573097 1.93351748608934 0.0628881796416374
-1.98936797472239 1.98936797472239 1.92469849202748 0.0646694826949039
-1.98231068866469 1.98231068866469 1.91592993680084 0.0663807518638502
-1.97523387707135 1.97523387707135 1.90721381359128 0.0680200634800663
-1.96813760964816 1.96813760964816 1.89855204080029 0.0695855688478739
-1.96102195629256 1.96102195629256 1.88994645993808 0.0710754963544757
-1.95388698709291 1.95388698709291 1.8813988335889 0.0724881535040069
-1.94673277232786 1.94673277232786 1.87291084345463 0.0738219288732342
-1.93955938246562 1.93955938246562 1.86448408847889 0.0750752939867274
-1.93236688816325 1.93236688816325 1.85612008305384 0.0762468051094101
-1.92515536026602 1.92515536026602 1.84782025531158 0.0773351049544431
-1.91792486980665 1.91792486980665 1.83958594550212 0.0783389243045391
-1.91067548800467 1.91067548800467 1.83141840445985 0.0792570835448141
-1.90340728626565 1.90340728626565 1.82331879216022 0.0800884941054225
-1.89612033618056 1.89612033618056 1.81528817636827 0.0808321598122885
-1.88881470952503 1.88881470952503 1.80732753138071 0.081487178144328
-1.88149047825867 1.88149047825867 1.79943773686301 0.0820527413956607
-1.8741477145243 1.8741477145243 1.79161957678291 0.0825281377413973
-1.86678649064734 1.86678649064734 1.78387373844167 0.0829127522056747
-1.85940687913499 1.85940687913499 1.77620081160427 0.0832060675307216
-1.8520089526756 1.8520089526756 1.76860128772979 0.0834076649458113
-1.8445927841379 1.8445927841379 1.76107555930282 0.0835172248350826
-1.83715844657031 1.83715844657031 1.75362391926703 0.0835345273032813
-1.82970601320022 1.82970601320022 1.74624656056161 0.0834594526386063
-1.82223555743324 1.82223555743324 1.73894357576134 0.0832919816719015
-1.81474715285253 1.81474715285253 1.73171495682094 0.0830321960315874
-1.80724087321801 1.80724087321801 1.72456059492423 0.082680278293783
-1.79971679246569 1.79971679246569 1.71748028043849 0.0822365120272086
-1.79217498470692 1.79217498470692 1.71047370297439 0.081701281732534
-1.78461552422765 1.78461552422765 1.70354045155169 0.0810750726759575
-1.7770384854877 1.7770384854877 1.69668001487078 0.0803584706169134
-1.76944394312004 1.76944394312004 1.68989178169017 0.079552161429876
-1.76183197193007 1.76183197193007 1.68317504130969 0.0786569306203844
-1.75420264689483 1.75420264689483 1.67652898415937 0.0776736627354664
-1.74655604316231 1.74655604316231 1.66995270249353 0.0766033406687829
-1.73889223605069 1.73889223605069 1.66344519118979 0.0754470448608984
-1.73121130104761 1.73121130104761 1.65700534865241 0.0742059523951957
-1.72351331380939 1.72351331380939 1.65063197781934 0.0728813359900484
-1.71579835016035 1.71579835016035 1.64432378727235 0.0714745628880014
-1.708066486092 1.708066486092 1.63807939244925 0.0699870936427458
-1.70031779776232 1.70031779776232 1.63189731695746 0.0684204808048625
-1.69255236149502 1.69255236149502 1.62577599398769 0.0667763675073336
-1.68477025377877 1.68477025377877 1.61971376782679 0.0650564859519807
-1.67697155126644 1.67697155126644 1.61370889546839 0.0632626557980476
-1.66915633077437 1.66915633077437 1.6077595483201 0.0613967824542683
-1.6613246692816 1.6613246692816 1.60186381400574 0.0594608552758573
-1.6534766439291 1.6534766439291 1.59601969826116 0.0574569456679364
-1.64561233201904 1.64561233201904 1.59022512692201 0.055387205097031
-1.63773181101399 1.63773181101399 1.58447794800163 0.0532538630123602
-1.6298351585362 1.6298351585362 1.57877593385748 0.0510592246787156
-1.62192245236679 1.62192245236679 1.57311678344395 0.0488056689228444
-1.61399377044503 1.61399377044503 1.56749812464972 0.0464956457953163
-1.60604919086754 1.60604919086754 1.56191751671758 0.0441316741499567
-1.59808879188751 1.59808879188751 1.5563724527445 0.0417163391430146
-1.59011265191399 1.59011265191399 1.55086036225969 0.0392522896543015
-1.58212084951105 1.58212084951105 1.54537861387841 0.0367422356326326
-1.57411346339702 1.57411346339702 1.53992451802904 0.034188945367988
-1.56609057244377 1.56609057244377 1.53449532975091 0.0315952426928598
-1.55805225567585 1.55805225567585 1.52908825156049 0.02896400411536
-1.54999859226978 1.54999859226978 1.52370043638307 0.0262981558867117
-1.54192966155323 1.54192966155323 1.51832899054739 0.0236006710058305
-1.53384554300424 1.53384554300424 1.51297097684048 0.0208745661637615
-1.52574631625048 1.52574631625048 1.50762341761967 0.0181228986308049
-1.5176320610684 1.5176320610684 1.50228329797918 0.0153487630892288
-1.50950285738251 1.50950285738251 1.49694756896799 0.0125552884145259
-1.50135878526453 1.50135878526453 1.49161315085632 0.00974563440821918
-1.49319992493266 1.49319992493266 1.48627693644737 0.00692298848528772
-1.48502635675074 1.48502635675074 1.48093579443141 0.00409056231933191
-1.4768381612275 1.4768381612275 1.47558657277887 0.00125158844863216
-1.46863541901573 1.46863541901573 1.4702261021694 0.00159068315367494
-1.46041821091151 1.46041821091151 1.46485119945357 0.00443298854206442
-1.45218661785341 1.45218661785341 1.45945867114385 0.00727205329043445
-1.4439407209217 1.4439407209217 1.45404531693164 0.0101045960099428
-1.43568060133751 1.43568060133751 1.44860793322702 0.0129273318895036
-1.4274063404621 1.4274063404621 1.44314331671766 0.0157369762555581
-1.41911801979599 1.41911801979599 1.4376482679437 0.0185302481477105
-1.41081572097821 1.41081572097821 1.43211959488499 0.0213038739067797
-1.40249952578545 1.40249952578545 1.42655411655728 0.0240545907718239
-1.3941695161313 1.3941695161313 1.42094866661396 0.0267791504826549
-1.38582577406541 1.38582577406541 1.41530009694978 0.0294743228843604
-1.3774683817727 1.3774683817727 1.40960528130304 0.0321368995303428
-1.36909742157252 1.36909742157252 1.40386111885288 0.0347636972803618
-1.36071297591788 1.36071297591788 1.39806453780797 0.0373515618900855
-1.35231512739464 1.35231512739464 1.39221249898329 0.0398973715886488
-1.34390395872064 1.34390395872064 1.38630199936135 0.0423980406407078
-1.33547955274494 1.33547955274494 1.38033007563444 0.0448505228895013
-1.32704199244699 1.32704199244699 1.37429380772444 0.0472518152774524
-1.3185913609358 1.3185913609358 1.36819032227661 0.0495989613408141
-1.31012774144913 1.31012774144913 1.36201679612407 0.0518890546749362
-1.30165121735267 1.30165121735267 1.35577045971938 0.0541192423667054
-1.29316187213924 1.29316187213924 1.34944860053 0.0562867283907604
-1.2846597894279 1.2846597894279 1.34304856639401 0.0583887769661064
-1.27614505296322 1.27614505296322 1.336567768833 0.0604227158697725
-1.26761774661439 1.26761774661439 1.3300036863186 0.0623859397042101
-1.25907795437441 1.25907795437441 1.32335386748955 0.0642759131151445
-1.25052576035925 1.25052576035925 1.31661593431591 0.0660901739566553
-1.24196124880707 1.24196124880707 1.30978758520736 0.0678263364002871
-1.23338450407734 1.23338450407734 1.30286659806238 0.069482093985042
-1.22479561065001 1.22479561065001 1.29585083325518 0.0710552226051702
-1.21619465312471 1.21619465312471 1.28873823655741 0.0725435834326991
-1.2075817162199 1.2075817162199 1.28152684199164 0.0739451257717372
-1.19895688477204 1.19895688477204 1.27421477461363 0.0752578898415941
-1.19032024373473 1.19032024373473 1.26680025322062 0.076480009485888
-1.18167187817791 1.18167187817791 1.25928159298271 0.0776097148047996
-1.173011873287 1.173011873287 1.25165720799477 0.0786453347077742
-1.16434031436207 1.16434031436207 1.24392561374604 0.0795852993839774
-1.15565728681699 1.15565728681699 1.23608542950493 0.0804281426879403
-1.14696287617859 1.14696287617859 1.22813538061645 0.0811725044378531
-1.13825716808585 1.13825716808585 1.22007430070994 0.0818171326240873
-1.12954024828899 1.12954024828899 1.21190113381457 0.0823608855255804
-1.12081220264869 1.12081220264869 1.20361493638049 0.0828027337318062
-1.1120731171352 1.1120731171352 1.19521487920335 0.0831417620681474
-1.10332307782754 1.10332307782754 1.18670024925009 0.0833771714225566
-1.09456217091259 1.09456217091259 1.17807045138409 0.0835082804715048
-1.0857904826843 1.0857904826843 1.16932500998758 0.0835345273032806
-1.0770080995428 1.0770080995428 1.16046357047962 0.0834554709368214
-1.06821510799356 1.06821510799356 1.1514859007279 0.0832707927343379
-1.05941159464657 1.05941159464657 1.14239189235267 0.0829802977060943
-1.05059764621543 1.05059764621543 1.13318156192124 0.0825839157058061
-1.04177334951653 1.04177334951653 1.12385505203175 0.082081702515217
-1.03293879146819 1.03293879146819 1.11441263228471 0.0814738408165196
-1.02409405908982 1.02409405908982 1.1048547001412 0.0807606410513808
-1.01523923950101 1.01523923950101 1.09518178166646 0.0799425421654516
-1.00637441992075 1.00637441992075 1.08539453215808 0.0790201122373309
-0.997499687666494 0.997499687666494 1.07549373665756 0.0779940489910689
-0.988615130153356 0.988615130153356 1.06548031034476 0.0768651801914007
-0.979720834893221 0.979720834893221 1.05535529881423 0.0756344639210124
-0.970816889493886 0.970816889493886 1.04511987823313 0.0743029887392437
-0.961903381658207 0.961903381658207 1.03477535537996 0.072871973721758
-0.952980399183224 0.952980399183224 1.02432316756402 0.0713427683807923
-0.944048029959303 0.944048029959303 1.01376488242505 0.0697168524657492
-0.935106361969271 0.935106361969271 1.00310219761324 0.0679958356439703
-0.926155483287542 0.926155483287542 0.992336940349202 0.0661814570616599
-0.917195482079259 0.917195482079259 0.981471066864303 0.0642755847850446
-0.908226446599415 0.908226446599415 0.97050666172136 0.0622802151219449
-0.899248465191998 0.899248465191998 0.959445937016074 0.0601974718240762
-0.890261626289103 0.890261626289103 0.948291231459581 0.0580296051704788
-0.881266018410077 0.881266018410077 0.937045009342696 0.0557789909326188
-0.872261730160638 0.872261730160638 0.925709859382423 0.0534481292217853
-0.863248850232004 0.863248850232004 0.914288493451539 0.0510396432195349
-0.854227467400021 0.854227467400021 0.902783745192071 0.0485562777920496
-0.845197670524288 0.845197670524288 0.891198568513657 0.0460008979893689
-0.836159548547283 0.836159548547283 0.879536035977863 0.0433764874305804
-0.827113190493479 0.827113190493479 0.867799337069624 0.0406861465761453
-0.818058685468481 0.818058685468481 0.855991776357148 0.0379330908886667
-0.808996122658136 0.808996122658136 0.84411677154162 0.0351206488834843
-0.799925591327661 0.799925591327661 0.832177851398272 0.0322522600706106
-0.790847180820762 0.790847180820762 0.820178653610376 0.0293314727896136
-0.781760980558753 0.781760980558753 0.808122922497895 0.0263619419391424
-0.772667080039677 0.772667080039677 0.796014506642613 0.023347426602936
-0.763565568837424 0.763565568837424 0.783857356411611 0.0202917875741864
-0.754456536600848 0.754456536600848 0.771655521381143 0.0171989847802942
-0.745340073052884 0.745340073052884 0.759413147662983 0.0140730746100998
-0.736216267989665 0.736216267989665 0.747134475135464 0.0109182071457989
-0.727085211279637 0.727085211279637 0.734823834581445 0.00773862330180797
-0.717946992862673 0.717946992862673 0.722485644735666 0.00453865187299307
-0.70880170274919 0.70880170274919 0.710124409243875 0.00132270649468524
-0.699649431019258 0.699649431019258 0.697744713536329 0.00190471748292975
-0.690490267821718 0.690490267821718 0.685351221618263 0.00513904620345529
-0.681324303373288 0.681324303373288 0.672948672780092 0.00837563059319635
-0.67215162795768 0.67215162795768 0.660541878230074 0.0116097497276058
-0.662972331924707 0.662972331924707 0.64813571765236 0.0148366142723474
-0.653786505689395 0.653786505689395 0.635735135693323 0.0180513699960714
-0.644594239731091 0.644594239731091 0.623345138379223 0.021249101351868
-0.635395624592573 0.635395624592573 0.610970789468235 0.0244248351243384
-0.626190750879158 0.626190750879158 0.598617206740027 0.027573544139131
-0.61697970925781 0.61697970925781 0.586289558226076 0.0306901510317338
-0.607762590456243 0.607762590456243 0.573993058383969 0.033769532072274
-0.598539485262033 0.598539485262033 0.561732964219038 0.0368065210429958
-0.589310484521723 0.589310484521723 0.549514571356683 0.0397959131650395
-0.580075679139923 0.580075679139923 0.537343210068806 0.0427324690711173
-0.570835160078419 0.570835160078419 0.525224241257825 0.0456109188205935
-0.561589018355278 0.561589018355278 0.5131630524018 0.0484259659534781
-0.552337345043946 0.552337345043946 0.501165053464169 0.0511722915797773
-0.543080231272359 0.543080231272359 0.489235672771761 0.0538445585005973
-0.533817768222037 0.533817768222037 0.477380352864639 0.0564374153573984
-0.524550047127193 0.524550047127193 0.465604546321452 0.0589455008057407
-0.515277159273828 0.515277159273828 0.453913711563993 0.0613634477098349
-0.505999195998837 0.505999195998837 0.442313308644632 0.0636858873542049
-0.496716248689108 0.496716248689108 0.430808795020368 0.0659074536687401
-0.487428408780617 0.487428408780617 0.419405621317231 0.068022787463386
-0.478135767757538 0.478135767757538 0.4081092270888 0.0700265406687381
-0.46883841715133 0.46883841715133 0.396925036572559 0.0719133805787704
-0.459536448539844 0.459536448539844 0.385858454447918 0.0736779940919254
-0.450229953546415 0.450229953546415 0.374914861599607 0.0753150919468081
-0.440919023838966 0.440919023838966 0.364099610890259 0.0768194129487066
-0.431603751129098 0.431603751129098 0.353418022945921 0.078185728183177
-0.422284227171193 0.422284227171193 0.342875381958254 0.0794088452129382
-0.412960543761505 0.412960543761505 0.332476931507165 0.0804836122543398
-0.403632792737258 0.403632792737258 0.322227870407609 0.081404922329649
-0.394301065975745 0.394301065975745 0.312133348584262 0.0821677173914831
-0.384965455393414 0.384965455393414 0.302198462977754 0.08276699241566
-0.375626052944974 0.375626052944974 0.292428253486128 0.0831977994588466
-0.366282950622479 0.366282950622479 0.282827698945161 0.0834552516773184
-0.356936240454429 0.356936240454429 0.273401713151148 0.0835345273032816
-0.347586014504861 0.347586014504861 0.264155140929701 0.0834308735751604
-0.338232364872438 0.338232364872438 0.255092754254119 0.0831396106183188
-0.328875383689552 0.328875383689552 0.246219248416784 0.0826561352727679
-0.319515163121405 0.319515163121405 0.237539238257037 0.0819759248643675
-0.310151795365111 0.310151795365111 0.229057254448931 0.0810945409161796
-0.300785372648778 0.300785372648778 0.220777739852168 0.0800076327966106
-0.291415987230612 0.291415987230612 0.212705045929556 0.0787109413010565
-0.282043731397995 0.282043731397995 0.204843429234145 0.0772003021638505
-0.272668697466588 0.272668697466588 0.197197047969269 0.0754716494973186
-0.263290977779409 0.263290977779409 0.189769958624546 0.0735210191548629
-0.253910664705935 0.253910664705935 0.182566112690889 0.0713445520150464
-0.24452785064119 0.24452785064119 0.175589353457499 0.0689384971836902
-0.235142628004825 0.235142628004825 0.168843412893694 0.0662992151111304
-0.225755089240222 0.225755089240222 0.162331908618441 0.0634231806217815
-0.216365326813573 0.216365326813573 0.156058340960263 0.0603069858533101
-0.206973433212975 0.206973433212975 0.150026090110247 0.0569473431027276
-0.197579500947514 0.197579500947514 0.144238413370651 0.0533410875768632
-0.188183622546359 0.188183622546359 0.13869844250166 0.0494851800446995
-0.178785890557848 0.178785890557848 0.133409181168652 0.0453767093891962
-0.169386397548575 0.169386397548575 0.128373502492284 0.0410128950562913
-0.159985236102482 0.159985236102482 0.123594146703638 0.0363910893988445
-0.150582498819943 0.150582498819943 0.119073718906517 0.0315087799134257
-0.141178278316856 0.141178278316856 0.114814686948944 0.0263635913679123
-0.131772667223725 0.131772667223725 0.110819379405755 0.0209532878179703
-0.122365758184757 0.122365758184757 0.107089983674169 0.0152757745105872
-0.112957643856936 0.112957643856936 0.103628544183984 0.00932909967295184
-0.103548416909124 0.103548416909124 0.100436960724086 0.00311145618503783
-0.0941381700211404 0.0941381700211404 0.0975169868867596 0.00337881686561924
-0.0847269958828498 0.0847269958828498 0.0948702286311939 0.0101432327483441
-0.0753149871932514 0.0753149871932514 0.0924981429675183 0.0171831557742669
-0.065902236659564 0.065902236659564 0.0904020367625376 0.0244998001029736
-0.0564888369963138 0.0564888369963138 0.0885830656682548 0.032094228671941
-0.0470748809244201 0.0470748809244201 0.0870422331741489 0.0399673522497288
-0.0376604611702852 0.0376604611702852 0.0857803897840787 0.0481199286137935
-0.028245670464875 0.028245670464875 0.084798232318544 0.0565525618536691
-0.0188306015428115 0.0188306015428115 0.0840963033429501 0.0652657018001385
-0.00941534714145686 0.00941534714145686 0.0836749907223785 0.0742596435809217
1.83697019872103e-16 1.83697019872103e-16 0.0835345273032804 0.0835345273032802
0.00941534714145722 0.00941534714145722 0.0836749907223785 0.0742596435809213
0.0188306015428119 0.0188306015428119 0.084096303342951 0.0652657018001391
0.0282456704648753 0.0282456704648753 0.0847982323185448 0.0565525618536695
0.0376604611702849 0.0376604611702849 0.0857803897840786 0.0481199286137937
0.0470748809244211 0.0470748809244211 0.0870422331741483 0.0399673522497272
0.0564888369963142 0.0564888369963142 0.088583065668255 0.0320942286719408
0.0659022366595644 0.0659022366595644 0.0904020367625378 0.0244998001029734
0.0753149871932517 0.0753149871932517 0.0924981429675178 0.0171831557742661
0.0847269958828502 0.0847269958828502 0.0948702286311942 0.010143232748344
0.0941381700211407 0.0941381700211407 0.0975169868867602 0.00337881686561942
0.103548416909125 0.103548416909125 0.100436960724086 0.00311145618503829
0.112957643856936 0.112957643856936 0.103628544183983 0.00932909967295338
0.122365758184756 0.122365758184756 0.107089983674169 0.0152757745105872
0.131772667223726 0.131772667223726 0.110819379405756 0.0209532878179706
0.141178278316856 0.141178278316856 0.114814686948942 0.0263635913679138
0.150582498819944 0.150582498819944 0.119073718906516 0.0315087799134278
0.159985236102483 0.159985236102483 0.123594146703636 0.0363910893988463
0.169386397548576 0.169386397548576 0.128373502492283 0.0410128950562925
0.178785890557848 0.178785890557848 0.133409181168651 0.0453767093891976
0.188183622546359 0.188183622546359 0.13869844250166 0.049485180044699
0.197579500947514 0.197579500947514 0.144238413370651 0.0533410875768629
0.206973433212974 0.206973433212974 0.150026090110247 0.0569473431027277
0.216365326813574 0.216365326813574 0.156058340960264 0.0603069858533102
0.225755089240222 0.225755089240222 0.162331908618438 0.0634231806217841
0.235142628004826 0.235142628004826 0.168843412893693 0.0662992151111321
0.24452785064119 0.24452785064119 0.175589353457499 0.0689384971836911
0.253910664705936 0.253910664705936 0.182566112690889 0.0713445520150476
0.263290977779409 0.263290977779409 0.189769958624546 0.0735210191548629
0.272668697466587 0.272668697466587 0.197197047969268 0.0754716494973193
0.282043731397996 0.282043731397996 0.204843429234145 0.0772003021638519
0.291415987230612 0.291415987230612 0.212705045929555 0.078710941301057
0.300785372648779 0.300785372648779 0.220777739852169 0.0800076327966104
0.31015179536511 0.31015179536511 0.22905725444893 0.0810945409161801
0.319515163121406 0.319515163121406 0.237539238257038 0.0819759248643676
0.328875383689552 0.328875383689552 0.246219248416785 0.0826561352727672
0.338232364872439 0.338232364872439 0.255092754254119 0.08313961061832
0.347586014504861 0.347586014504861 0.2641551409297 0.0834308735751616
0.35693624045443 0.35693624045443 0.273401713151147 0.083534527303283
0.36628295062248 0.36628295062248 0.282827698945161 0.0834552516773188
0.375626052944974 0.375626052944974 0.292428253486127 0.0831977994588474
0.384965455393415 0.384965455393415 0.302198462977755 0.0827669924156599
0.394301065975744 0.394301065975744 0.31213334858426 0.0821677173914847
0.403632792737259 0.403632792737259 0.322227870407608 0.0814049223296504
0.412960543761505 0.412960543761505 0.332476931507165 0.0804836122543399
0.422284227171193 0.422284227171193 0.342875381958255 0.0794088452129378
0.431603751129098 0.431603751129098 0.353418022945921 0.0781857281831772
0.440919023838966 0.440919023838966 0.364099610890261 0.0768194129487053
0.450229953546416 0.450229953546416 0.374914861599607 0.0753150919468093
0.459536448539844 0.459536448539844 0.385858454447919 0.0736779940919244
0.468838417151331 0.468838417151331 0.39692503657256 0.0719133805787708
0.478135767757538 0.478135767757538 0.4081092270888 0.070026540668738
0.487428408780618 0.487428408780618 0.419405621317232 0.0680227874633856
0.496716248689107 0.496716248689107 0.430808795020367 0.0659074536687403
0.505999195998837 0.505999195998837 0.442313308644633 0.0636858873542045
0.515277159273828 0.515277159273828 0.453913711563991 0.0613634477098366
0.524550047127193 0.524550047127193 0.46560454632145 0.0589455008057434
0.533817768222038 0.533817768222038 0.477380352864639 0.0564374153573985
0.543080231272359 0.543080231272359 0.489235672771758 0.0538445585006011
0.552337345043947 0.552337345043947 0.501165053464167 0.0511722915797799
0.561589018355278 0.561589018355278 0.5131630524018 0.0484259659534774
0.57083516007842 0.57083516007842 0.525224241257824 0.045610918820596
0.580075679139923 0.580075679139923 0.537343210068803 0.0427324690711203
0.589310484521723 0.589310484521723 0.549514571356683 0.0397959131650407
0.598539485262034 0.598539485262034 0.561732964219038 0.0368065210429954
0.607762590456243 0.607762590456243 0.573993058383969 0.0337695320722738
0.61697970925781 0.61697970925781 0.586289558226071 0.0306901510317392
0.626190750879159 0.626190750879159 0.598617206740023 0.0275735441391353
0.635395624592573 0.635395624592573 0.610970789468231 0.0244248351243426
0.644594239731091 0.644594239731091 0.623345138379223 0.0212491013518681
0.653786505689395 0.653786505689395 0.635735135693323 0.0180513699960719
0.662972331924707 0.662972331924707 0.648135717652359 0.0148366142723485
0.67215162795768 0.67215162795768 0.660541878230072 0.0116097497276083
0.681324303373288 0.681324303373288 0.672948672780088 0.00837563059320023
0.690490267821718 0.690490267821718 0.68535122161826 0.00513904620345829
0.699649431019259 0.699649431019259 0.697744713536327 0.00190471748293186
0.70880170274919 0.70880170274919 0.710124409243875 0.00132270649468469
0.717946992862673 0.717946992862673 0.722485644735667 0.00453865187299307
0.727085211279637 0.727085211279637 0.734823834581443 0.00773862330180608
0.736216267989665 0.736216267989665 0.747134475135459 0.0109182071457944
0.745340073052885 0.745340073052885 0.759413147662983 0.0140730746100979
0.754456536600849 0.754456536600849 0.771655521381139 0.01719898478029
0.763565568837425 0.763565568837425 0.783857356411609 0.0202917875741847
0.772667080039678 0.772667080039678 0.79601450664261 0.0233474266029325
0.781760980558753 0.781760980558753 0.808122922497891 0.0263619419391379
0.790847180820762 0.790847180820762 0.820178653610372 0.0293314727896098
0.799925591327661 0.799925591327661 0.832177851398271 0.0322522600706097
0.808996122658137 0.808996122658137 0.844116771541619 0.0351206488834821
0.818058685468481 0.818058685468481 0.855991776357148 0.0379330908886667
0.82711319049348 0.82711319049348 0.867799337069623 0.0406861465761433
0.836159548547283 0.836159548547283 0.879536035977863 0.0433764874305798
0.845197670524289 0.845197670524289 0.891198568513662 0.0460008979893726
0.854227467400022 0.854227467400022 0.902783745192069 0.0485562777920467
0.863248850232004 0.863248850232004 0.914288493451539 0.0510396432195352
0.872261730160638 0.872261730160638 0.925709859382421 0.0534481292217829
0.881266018410077 0.881266018410077 0.937045009342694 0.0557789909326171
0.890261626289104 0.890261626289104 0.94829123145958 0.0580296051704762
0.899248465191998 0.899248465191998 0.959445937016071 0.0601974718240735
0.908226446599417 0.908226446599417 0.970506661721365 0.0622802151219481
0.917195482079258 0.917195482079258 0.9814710668643 0.0642755847850411
0.926155483287543 0.926155483287543 0.9923369403492 0.0661814570616571
0.935106361969271 0.935106361969271 1.00310219761324 0.0679958356439662
0.944048029959304 0.944048029959304 1.01376488242505 0.0697168524657448
0.952980399183224 0.952980399183224 1.02432316756401 0.071342768380789
0.961903381658206 0.961903381658206 1.03477535537996 0.0728719737217565
0.970816889493887 0.970816889493887 1.04511987823312 0.074302988739236
0.979720834893221 0.979720834893221 1.05535529881423 0.0756344639210094
0.988615130153357 0.988615130153357 1.06548031034475 0.0768651801913967
0.997499687666494 0.997499687666494 1.07549373665756 0.0779940489910691
1.00637441992075 1.00637441992075 1.08539453215808 0.0790201122373295
1.01523923950101 1.01523923950101 1.09518178166646 0.0799425421654498
1.02409405908982 1.02409405908982 1.10485470014119 0.0807606410513773
1.03293879146819 1.03293879146819 1.11441263228471 0.0814738408165159
1.04177334951653 1.04177334951653 1.12385505203174 0.0820817025152105
1.05059764621543 1.05059764621543 1.13318156192123 0.0825839157058004
1.05941159464657 1.05941159464657 1.14239189235266 0.0829802977060921
1.06821510799356 1.06821510799356 1.1514859007279 0.0832707927343381
1.0770080995428 1.0770080995428 1.16046357047961 0.0834554709368178
1.0857904826843 1.0857904826843 1.16932500998758 0.0835345273032777
1.09456217091259 1.09456217091259 1.17807045138409 0.0835082804715024
1.10332307782754 1.10332307782754 1.18670024925009 0.0833771714225562
1.1120731171352 1.1120731171352 1.19521487920334 0.0831417620681423
1.12081220264869 1.12081220264869 1.20361493638049 0.082802733731802
1.12954024828899 1.12954024828899 1.21190113381456 0.0823608855255715
1.13825716808585 1.13825716808585 1.22007430070994 0.0818171326240891
1.14696287617859 1.14696287617859 1.22813538061644 0.0811725044378457
1.15565728681699 1.15565728681699 1.23608542950492 0.0804281426879363
1.16434031436207 1.16434031436207 1.24392561374604 0.0795852993839707
1.173011873287 1.173011873287 1.25165720799477 0.0786453347077674
1.18167187817791 1.18167187817791 1.2592815929827 0.0776097148047916
1.19032024373473 1.19032024373473 1.26680025322061 0.0764800094858811
1.19895688477204 1.19895688477204 1.27421477461363 0.0752578898415892
1.2075817162199 1.2075817162199 1.28152684199164 0.0739451257717343
1.21619465312471 1.21619465312471 1.28873823655741 0.072543583432696
1.22479561065001 1.22479561065001 1.29585083325517 0.0710552226051628
1.23338450407734 1.23338450407734 1.30286659806238 0.0694820939850394
1.24196124880707 1.24196124880707 1.30978758520735 0.0678263364002798
1.25052576035925 1.25052576035925 1.3166159343159 0.0660901739566502
1.25907795437441 1.25907795437441 1.32335386748955 0.0642759131151414
1.26761774661439 1.26761774661439 1.3300036863186 0.0623859397042059
1.27614505296322 1.27614505296322 1.336567768833 0.0604227158697732
1.2846597894279 1.2846597894279 1.343048566394 0.0583887769660993
1.29316187213924 1.29316187213924 1.34944860053 0.0562867283907633
1.30165121735267 1.30165121735267 1.35577045971937 0.0541192423667003
1.31012774144913 1.31012774144913 1.36201679612406 0.0518890546749304
1.3185913609358 1.3185913609358 1.36819032227662 0.0495989613408174
1.32704199244699 1.32704199244699 1.37429380772444 0.0472518152774501
1.33547955274494 1.33547955274494 1.38033007563443 0.0448505228894904
1.34390395872064 1.34390395872064 1.38630199936135 0.0423980406407058
1.35231512739464 1.35231512739464 1.39221249898329 0.0398973715886508
1.36071297591788 1.36071297591788 1.39806453780796 0.0373515618900753
1.36909742157252 1.36909742157252 1.40386111885287 0.0347636972803498
1.3774683817727 1.3774683817727 1.40960528130303 0.032136899530337
1.38582577406541 1.38582577406541 1.41530009694977 0.0294743228843535
1.39416951613131 1.39416951613131 1.42094866661396 0.0267791504826511
1.40249952578545 1.40249952578545 1.42655411655728 0.0240545907718204
1.41081572097821 1.41081572097821 1.43211959488498 0.0213038739067701
1.41911801979599 1.41911801979599 1.4376482679437 0.0185302481477085
1.4274063404621 1.4274063404621 1.44314331671766 0.0157369762555586
1.43568060133751 1.43568060133751 1.44860793322701 0.0129273318894991
1.4439407209217 1.4439407209217 1.45404531693163 0.0101045960099309
1.45218661785341 1.45218661785341 1.45945867114384 0.0072720532904258
1.46041821091151 1.46041821091151 1.46485119945357 0.00443298854206442
1.46863541901573 1.46863541901573 1.4702261021694 0.00159068315367383
1.4768381612275 1.4768381612275 1.47558657277887 0.0012515884486326
1.48502635675074 1.48502635675074 1.4809357944314 0.00409056231934346
1.49319992493266 1.49319992493266 1.48627693644738 0.00692298848528572
1.50135878526454 1.50135878526454 1.49161315085632 0.00974563440821963
1.50950285738251 1.50950285738251 1.49694756896798 0.0125552884145261
1.51763206106841 1.51763206106841 1.50228329797916 0.0153487630892419
1.52574631625048 1.52574631625048 1.50762341761967 0.0181228986308082
1.53384554300424 1.53384554300424 1.51297097684047 0.0208745661637677
1.54192966155323 1.54192966155323 1.51832899054739 0.0236006710058345
1.54999859226978 1.54999859226978 1.52370043638307 0.0262981558867141
1.55805225567585 1.55805225567585 1.5290882515605 0.0289640041153545
1.56609057244377 1.56609057244377 1.5344953297509 0.0315952426928696
1.57411346339702 1.57411346339702 1.53992451802904 0.0341889453679831
1.58212084951105 1.58212084951105 1.54537861387842 0.0367422356326284
1.59011265191399 1.59011265191399 1.5508603622597 0.0392522896542935
1.59808879188751 1.59808879188751 1.5563724527445 0.0417163391430186
1.60604919086754 1.60604919086754 1.56191751671758 0.0441316741499571
1.61399377044503 1.61399377044503 1.56749812464972 0.0464956457953181
1.62192245236679 1.62192245236679 1.57311678344394 0.0488056689228533
1.6298351585362 1.6298351585362 1.57877593385749 0.0510592246787083
1.63773181101399 1.63773181101399 1.58447794800162 0.0532538630123689
1.64561233201904 1.64561233201904 1.590225126922 0.0553872050970405
1.6534766439291 1.6534766439291 1.59601969826117 0.057456945667935
1.6613246692816 1.6613246692816 1.60186381400576 0.0594608552758431
1.66915633077437 1.66915633077437 1.6077595483201 0.0613967824542747
1.67697155126644 1.67697155126644 1.61370889546839 0.0632626557980538
1.68477025377877 1.68477025377877 1.61971376782679 0.0650564859519835
1.69255236149502 1.69255236149502 1.62577599398768 0.0667763675073458
1.70031779776232 1.70031779776232 1.63189731695746 0.0684204808048645
1.708066486092 1.708066486092 1.63807939244925 0.0699870936427429
1.71579835016035 1.71579835016035 1.64432378727235 0.0714745628880025
1.72351331380939 1.72351331380939 1.65063197781932 0.0728813359900709
1.73121130104761 1.73121130104761 1.65700534865241 0.0742059523952001
1.73889223605069 1.73889223605069 1.66344519118979 0.0754470448609077
1.74655604316231 1.74655604316231 1.66995270249353 0.0766033406687838
1.75420264689483 1.75420264689483 1.67652898415937 0.0776736627354648
1.76183197193007 1.76183197193007 1.68317504130968 0.0786569306203955
1.76944394312004 1.76944394312004 1.68989178169017 0.0795521614298709
1.7770384854877 1.7770384854877 1.6966800148708 0.0803584706168998
1.78461552422765 1.78461552422765 1.70354045155169 0.0810750726759626
1.79217498470692 1.79217498470692 1.71047370297437 0.0817012817325498
1.79971679246569 1.79971679246569 1.71748028043848 0.0822365120272197
1.80724087321801 1.80724087321801 1.72456059492423 0.0826802782937799
1.81474715285253 1.81474715285253 1.73171495682095 0.0830321960315823
1.82223555743324 1.82223555743324 1.73894357576134 0.0832919816719042
1.82970601320022 1.82970601320022 1.74624656056162 0.0834594526386014
1.83715844657031 1.83715844657031 1.75362391926701 0.083534527303299
1.8445927841379 1.8445927841379 1.76107555930282 0.0835172248350808
1.8520089526756 1.8520089526756 1.76860128772978 0.083407664945826
1.85940687913499 1.85940687913499 1.77620081160428 0.0832060675307182
1.86678649064734 1.86678649064734 1.78387373844165 0.0829127522056923
1.87414771452431 1.87414771452431 1.79161957678291 0.0825281377413947
1.88149047825867 1.88149047825867 1.79943773686301 0.0820527413956591
1.88881470952503 1.88881470952503 1.80732753138069 0.0814871781443423
1.89612033618056 1.89612033618056 1.81528817636826 0.0808321598122954
1.90340728626565 1.90340728626565 1.82331879216023 0.0800884941054225
1.91067548800467 1.91067548800467 1.83141840445984 0.0792570835448307
1.91792486980665 1.91792486980665 1.83958594550211 0.0783389243045438
1.92515536026602 1.92515536026602 1.84782025531159 0.0773351049544293
1.93236688816325 1.93236688816325 1.85612008305385 0.0762468051094034
1.93955938246562 1.93955938246562 1.86448408847892 0.0750752939866997
1.94673277232786 1.94673277232786 1.87291084345462 0.0738219288732389
1.95388698709291 1.95388698709291 1.8813988335889 0.0724881535040132
1.96102195629256 1.96102195629256 1.88994645993809 0.0710754963544655
1.96813760964816 1.96813760964816 1.89855204080026 0.0695855688478983
1.97523387707135 1.97523387707135 1.90721381359127 0.0680200634800832
1.98231068866469 1.98231068866469 1.91592993680084 0.0663807518638482
1.98936797472239 1.98936797472239 1.92469849202749 0.064669482694899
1.99640566573097 1.99640566573097 1.93351748608933 0.0628881796416412
2.00342369236999 2.00342369236999 1.94238485320874 0.061038839161258
2.01042198551268 2.01042198551268 1.9512984572682 0.05912352824448
2.01740047622663 2.01740047622663 1.96025609413537 0.0571443820912674
2.02435909577452 2.02435909577452 1.96925549405427 0.0551036017202462
2.03129777561471 2.03129777561471 1.97829432410059 0.0530034515141231
2.03821644740201 2.03821644740201 1.98737019069777 0.0508462567042429
2.04511504298829 2.04511504298829 1.99648064219183 0.048634400796455
2.05199349442314 2.05199349442314 2.00562317148199 0.0463703229411503
2.05885173395462 2.05885173395462 2.0147952187037 0.0440565152509143
2.06568969402983 2.06568969402983 2.02399417396248 0.0416955200673477
2.07250730729565 2.07250730729565 2.03321738011412 0.0392899271815326
2.07930450659935 2.07930450659935 2.04246213558959 0.0368423710097643
2.0860812249893 2.0860812249893 2.05172569726115 0.0343555277281529
2.09283739571558 2.09283739571558 2.06100528334634 0.0318321123692455
2.09957295223069 2.09957295223069 2.07029807634746 0.0292748758832269
2.10628782819014 2.10628782819014 2.0796012260231 0.0266866021670373
2.11298195745318 2.11298195745318 2.08891185238826 0.0240701050649128
2.11965527408338 2.11965527408338 2.09822704874085 0.0214282253425342
2.12630771234935 2.12630771234935 2.10754388471057 0.0187638276387805
2.13293920672531 2.13293920672531 2.11685940932729 0.0160797973980107
2.13954969189179 2.13954969189179 2.12617065410589 0.0133790377858976
2.14613910273627 2.14613910273627 2.13547463614404 0.0106644665922255
2.15270737435379 2.15270737435379 2.14476836123032 0.00793901312347556
2.15925444204763 2.15925444204763 2.15404882695858 0.00520561508904827
2.16578024132991 2.16578024132991 2.16331302584613 0.00246721548378126
2.17228470792225 2.17228470792225 2.1725579484521 0.000273240529857777
2.17876777775638 2.17876777775638 2.18178058649305 0.00301280873667498
2.18522938697481 2.18522938697481 2.19097793595234 0.00574854897753641
2.19166947193141 2.19166947193141 2.20014700018033 0.00847752824891579
2.19808796919208 2.19808796919208 2.20928479298218 0.0111968237900988
2.20448481553535 2.20448481553535 2.21838834169003 0.0139035261546754
2.21085994795301 2.21085994795301 2.22745469021616 0.0165947422631483
2.21721330365072 2.21721330365072 2.23648090208516 0.0192675984344359
2.22354482004866 2.22354482004866 2.24546406344017 0.021919243391515
2.22985443478209 2.22985443478209 2.25440128602198 0.0245468512398923
2.23614208570204 2.23614208570204 2.26328971011668 0.0271476244146407
2.24240771087585 2.24240771087585 2.27212650746962 0.029718796593774
2.24865124858782 2.24865124858782 2.28090888416249 0.0322576355746711
2.25487263733982 2.25487263733982 2.28963408345047 0.0347614461106494
2.26107181585188 2.26107181585188 2.29829938855679 0.0372275727049147
2.26724872306277 2.26724872306277 2.30690212542202 0.0396534023592476
2.27340329813068 2.27340329813068 2.3154396654049 0.0420363672742141
2.27953548043374 2.27953548043374 2.32390942793248 0.0443739474987428
2.28564520957063 2.28564520957063 2.33230888309659 0.0466636735259587
2.29173242536123 2.29173242536123 2.34063555419429 0.0489031288330577
2.29779706784714 2.29779706784714 2.34888702020932 0.0510899523621768
2.30383907729233 2.30383907729233 2.35706091823327 0.0532218409409371
2.30985839418369 2.30985839418369 2.36515494582189 0.0552965516381945
2.31585495923163 2.31585495923163 2.37316686328664 0.0573119040550099
2.32182871337065 2.32182871337065 2.38109449591802 0.0592657825473699
2.32777959775997 2.32777959775997 2.38893573613772 0.0611561383777488
2.33370755378405 2.33370755378405 2.39668854557946 0.0629809917954121
2.33961252305318 2.33961252305318 2.4043509570943 0.0647384340411223
2.34549444740409 2.34549444740409 2.41192107668072 0.0664266292766285
2.35135326890049 2.35135326890049 2.41939708533505 0.0680438164345585
2.35718892983366 2.35718892983366 2.42677724082293 0.0695883109892641
2.363001372723 2.363001372723 2.43405987936826 0.0710585066452571
2.36879054031659 2.36879054031659 2.44124341725901 0.0724528769424113
2.37455637559181 2.37455637559181 2.44832635236782 0.0737699767760147
2.38029882175582 2.38029882175582 2.45530726558653 0.0750084438307153
2.38601782224617 2.38601782224617 2.4621848221724 0.0761669999262264
2.39171332073137 2.39171332073137 2.46895777300568 0.0772444522743112
2.3973852611114 2.3973852611114 2.47562495575661 0.0782396946452102
2.40303358751828 2.40303358751828 2.48218529596124 0.0791517084429625
2.40865824431665 2.40865824431665 2.48863780800517 0.0799795636885219
2.41425917610427 2.41425917610427 2.49498159601324 0.0807224199089709
2.41983632771259 2.41983632771259 2.50121585464602 0.0813795269334299
2.42538964420731 2.42538964420731 2.50733986980145 0.0819502255941358
2.43091907088889 2.43091907088889 2.51335301922032 0.0824339483314316
2.4364245532931 2.4364245532931 2.51925477299733 0.0828302197042285
2.44190603719157 2.44190603719157 2.52504469399411 0.0831386568025483
2.44736346859229 2.44736346859229 2.53072243815739 0.0833589695651051
2.45279679374019 2.45279679374019 2.5362877547393 0.0834909609991077
2.45820595911763 2.45820595911763 2.5417404864209 0.0835345273032679
2.46359091144495 2.46359091144495 2.54708056933912 0.083489657894174
2.46895159768097 2.46895159768097 2.5523080330167 0.0833564353357259
2.47428796502354 2.47428796502354 2.55742300019518 0.0831350351716384
2.47959996091006 2.47959996091006 2.56242568657217 0.0828257256621159
2.48488753301795 2.48488753301795 2.56731640044208 0.0824288674241318
2.49015062926524 2.49015062926524 2.5720955422411 0.081944912975854
2.49538919781103 2.49538919781103 2.57676360399804 0.0813744061870141
2.500603187056 2.500603187056 2.58132116869039 0.0807179816343959
2.50579254564295 2.50579254564295 2.5857689095066 0.0799763638636417
2.5109572224573 2.5109572224573 2.59010758901623 0.079150366558931
2.51609716662756 2.51609716662756 2.59433805824809 0.0782408916205295
2.52121232752585 2.52121232752585 2.59846125567774 0.0772489281518851
2.52630265476844 2.52630265476844 2.60247820612553 0.0761755513570943
2.53136809821616 2.53136809821616 2.60639001956616 0.075021921350007
2.53640860797498 2.53640860797498 2.61019788985167 0.0737892818766945
2.54142413439644 2.54142413439644 2.613903093348 0.0724789589515633
2.54641462807818 2.54641462807818 2.61750698748865 0.0710923594104638
2.55138003986441 2.55138003986441 2.6210110092444 0.0696309693799892
2.55632032084637 2.55632032084637 2.62441667351367 0.0680963526672995
2.56123542236286 2.56123542236286 2.62772557143228 0.0664901490694199
2.56612529600069 2.56612529600069 2.63093936860694 0.0648140726062474
2.57098989359516 2.57098989359516 2.6340598032729 0.063069909677739
2.57582916723053 2.57582916723053 2.63708868437796 0.0612595171474304
2.5806430692405 2.5806430692405 2.64002788959544 0.0593848203549361
2.58543155220869 2.58543155220869 2.64287936326764 0.0574478110589451
2.59019456896908 2.59019456896908 2.64564511428191 0.0554505453128278
2.59493207260649 2.59493207260649 2.64832721388241 0.053395141275915
2.59964401645706 2.59964401645706 2.65092779341873 0.0512837769616707
2.60433035410866 2.60433035410866 2.65344904203468 0.0491186879260175
2.60899103940141 2.60899103940141 2.65589320429903 0.0469021648976251
2.61362602642808 2.61362602642808 2.65826257778113 0.0446365513530571
2.61823526953457 2.61823526953457 2.66055951057363 0.0423242410390645
2.62281872332036 2.62281872332036 2.66278639876529 0.0399676754449225
2.62737634263896 2.62737634263896 2.66494568386631 0.037569341227345
2.63190808259833 2.63190808259833 2.66703985018815 0.03513176758982
2.63641389856133 2.63641389856133 2.6690714221822 0.032657523620863
2.64089374614621 2.64089374614621 2.67104296173868 0.0301492155924672
2.64534758122696 2.64534758122696 2.67295706544867 0.0276094842217098
2.64977535993381 2.64977535993381 2.67481636183366 0.0250410018998495
2.65417703865365 2.65417703865365 2.67662350854283 0.0224464698891729
2.65855257403045 2.65855257403045 2.67838118952322 0.0198286154927705
2.66290192296566 2.66290192296566 2.68009211216535 0.0171901891996966
2.6672250426187 2.6672250426187 2.68175900442621 0.0145339618075107
2.67152189040733 2.67152189040733 2.68338461193312 0.0118627215257963
2.67579242400808 2.67579242400808 2.68497169507256 0.00917927106448113
2.68003660135669 2.68003660135669 2.68652302606447 0.0064864247077816
2.68425438064848 2.68425438064848 2.68804138602828 0.00378700537979171
2.68844572033882 2.68844572033882 2.68952956204063 0.00108384170180909
2.69261057914347 2.69261057914347 2.69099034418962 0.00162023495384922
2.69674891603906 2.69674891603906 2.69242652262857 0.00432239341048968
2.70086069026342 2.70086069026342 2.69384088463104 0.0070198056323858
2.70494586131606 2.70494586131606 2.69523621165206 0.0097096496639999
2.7090043889585 2.7090043889585 2.69661527639613 0.0123891125623663
2.7130362332147 2.7130362332147 2.69798083989834 0.0150553933163562
2.71704135437145 2.71704135437145 2.69933564861773 0.0177057057537153
2.72101971297876 2.72101971297876 2.70068243154887 0.0203372814298985
2.72497126985026 2.72497126985026 2.70202389735366 0.0229473724966027
2.72889598606355 2.72889598606355 2.7033627315155 0.025533254548058
2.73279382296063 2.73279382296063 2.70470159351984 0.0280922294407899
2.73666474214824 2.73666474214824 2.70604311406384 0.0306216280843996
2.74050870549827 2.74050870549827 2.70738989229709 0.0331188132011886
2.74432567514812 2.74432567514812 2.70874449309724 0.035581182050882
2.74811561350106 2.74811561350106 2.71010944438286 0.0380061691181934
2.75187848322663 2.75187848322663 2.71148723446667 0.0403912487599642
2.75561424726099 2.75561424726099 2.71288030945042 0.0427339378105724
2.7593228688073 2.7593228688073 2.71429107066659 0.0450317981407085
2.76300431133604 2.76300431133604 2.71572187216697 0.0472824391690754
2.76665853858543 2.76665853858543 2.71717501826232 0.0494835203231139
2.77028551456174 2.77028551456174 2.71865276111475 0.0516327534469907
2.77388520353967 2.77388520353967 2.72015729838591 0.0537279051537634
2.77745757006269 2.77745757006269 2.72169077094271 0.0557667991199819
2.7810025789434 2.7810025789434 2.72325526062347 0.0577473183199366
2.78452019526386 2.78452019526386 2.72485278806638 0.0596674071974754
2.78801038437594 2.78801038437594 2.72648531060257 0.0615250737733701
2.79147311190169 2.79147311190169 2.72815472021594 0.0633183916857467
2.79490834373362 2.79490834373362 2.72986284157253 0.0650455021610967
2.7983160460351 2.7983160460351 2.7316114301188 0.0667046159162967
2.80169618524064 2.80169618524064 2.73340217025529 0.0682940149853497
2.80504872805624 2.80504872805624 2.73523667358243 0.0698120544738186
2.80837364145976 2.80837364145976 2.73711647722443 0.0712571642353321
2.81167089270116 2.81167089270116 2.73904304223007 0.0726278504710893
2.8149404493029 2.8149404493029 2.74101775205315 0.0739226972497504
2.81818227906021 2.81818227906021 2.74304191111568 0.0751403679445275
2.82139635004143 2.82139635004143 2.74511674345085 0.0762796065905822
2.82458263058834 2.82458263058834 2.74724339143248 0.0773392391558656
2.82774108931643 2.82774108931643 2.74942291458829 0.0783181747281381
2.83087169511524 2.83087169511524 2.75165628850015 0.0792154066150932
2.83397441714866 2.83397441714866 2.75394440379059 0.0800300133580634
2.83704922485522 2.83704922485522 2.75628806520007 0.0807611596551445
2.84009608794842 2.84009608794842 2.75868799075088 0.0814080971975351
2.843114976417 2.843114976417 2.76114481100369 0.081970165413316
2.84610586052526 2.84610586052526 2.76365906840235 0.0824467921229135
2.84906871081332 2.84906871081332 2.76623121671365 0.0828374940996675
2.85200349809745 2.85200349809745 2.7688616205549 0.0831418775425434
2.85491019347031 2.85491019347031 2.77155055501839 0.0833596384519248
2.85778876830131 2.85778876830131 2.77429820538505 0.0834905629162548
2.86063919423678 2.86063919423678 2.77710466693355 0.0835345273032333
2.86346144320037 2.86346144320037 2.77996994484156 0.0834914983588169
2.86625548739325 2.86625548739325 2.78289395418031 0.0833615332129356
2.86902129929438 2.86902129929438 2.78587652000309 0.0831447792912967
2.87175885166085 2.87175885166085 2.78891737752651 0.0828414741343417
2.87446811752806 2.87446811752806 2.79201617240427 0.0824519451237951
2.87714907021006 2.87714907021006 2.79517246109437 0.0819766091156935
2.87980168329977 2.87980168329977 2.79838571131748 0.0814159719822825
2.88242593066924 2.88242593066924 2.80165530260796 0.0807706280612854
2.88502178646995 2.88502178646995 2.80498052695575 0.0800412595141919
2.88758922513299 2.88758922513299 2.80836058953792 0.0792286355950749
2.89012822136941 2.89012822136941 2.81179460954055 0.0783336118288513
2.89263875017036 2.89263875017036 2.8152816210692 0.0773571291011552
2.89512078680742 2.89512078680742 2.8188205741466 0.076300212660819
2.89757430683282 2.89757430683282 2.82241033579785 0.0751639710349692
2.89999928607966 2.89999928607966 2.82604969122083 0.0739495948588327
2.90239570066217 2.90239570066217 2.82973734504004 0.0726583556221239
2.90476352697594 2.90476352697594 2.8334719226454 0.0712916043305323
2.90710274169814 2.90710274169814 2.8372519716101 0.0698507700880366
2.90941332178778 2.90941332178778 2.84107596319099 0.0683373585967884
2.91169524448591 2.91169524448591 2.84494229390596 0.066752950579942
2.91394848731584 2.91394848731584 2.84884928718844 0.0650992001273938
2.91617302808339 2.91617302808339 2.85279519511751 0.0633778329658723
2.91836884487708 2.91836884487708 2.8567782002209 0.0615906446561776
2.92053591606837 2.92053591606837 2.86079641734992 0.0597394987184545
2.92267422031185 2.92267422031185 2.86484789562361 0.057826324688238
2.92478373654547 2.92478373654547 2.86893062044012 0.055853116105355
2.92686444399073 2.92686444399073 2.87304251555424 0.0538219284364923
2.9289163221529 2.9289163221529 2.87718144521786 0.0517348769350452
2.93093935082121 2.93093935082121 2.88134521638083 0.0495941344403859
2.93293351006906 2.93293351006906 2.88553158095221 0.0474019291168499
2.93489878025421 2.93489878025421 2.88973823811569 0.0451605421385191
2.93683514201896 2.93683514201896 2.89396283670191 0.0428723053170499
2.93874257629037 2.93874257629037 2.89820297760915 0.0405395986812205
2.94062106428044 2.94062106428044 2.90245621627583 0.0381648480046062
2.94247058748626 2.94247058748626 2.90672006519819 0.0357505222880743
2.94429112769025 2.94429112769025 2.91099199649187 0.0332991311983815
2.94608266696029 2.94608266696029 2.91526944449561 0.0308132224646842
2.94784518764992 2.94784518764992 2.91954980841281 0.0282953792371123
2.94957867239851 2.94957867239851 2.92383045498938 0.0257482174091326
2.95128310413143 2.95128310413143 2.92810872122413 0.023174382907297
2.95295846606023 2.95295846606023 2.93238191711084 0.0205765489493843
2.95460474168277 2.95460474168277 2.93664732840629 0.017957413276485
2.95622191478344 2.95622191478344 2.94090221942391 0.0153196953595263
2.95780996943325 2.95780996943325 2.94514383584898 0.0126661335842684
2.95936888999005 2.95936888999005 2.94936940757282 0.00999948241723736
2.96089866109866 2.96089866109866 2.95357615154259 0.00732250955606384
2.96239926769099 2.96239926769099 2.957761274625 0.00463799306598567
2.96387069498624 2.96387069498624 2.9619219764793 0.00194871850693978
2.96531292849102 2.96531292849102 2.96605545243773 0.000742523946703599
2.9667259539995 2.9667259539995 2.97015889639017 0.00343294239067315
2.96810975759353 2.96810975759353 2.97422950367055 0.00611974607702415
2.9694643256428 2.9694643256428 2.97826447394043 0.0088001482976332
2.97078964480497 2.97078964480497 2.98226101406921 0.0114713692642403
2.97208570202581 2.97208570202581 2.98621634100512 0.0141306389793128
2.97335248453928 2.97335248453928 2.99012768463826 0.0167752000989836
2.97458997986773 2.97458997986773 2.99399229064644 0.0194023107787102
2.97579817582197 2.97579817582197 2.99780742332814 0.0220092475061673
2.97697706050141 2.97697706050141 3.00157036841404 0.0245933079126295
2.97812662229416 2.97812662229416 3.00527843585698 0.0271518135628139
2.97924684987718 2.97924684987718 3.00892896259672 0.0296821127195441
2.98033773221634 2.98033773221634 3.01251931529692 0.0321815830805878
2.98139925856658 2.98139925856658 3.01604689305139 0.0346476344848092
2.98243141847198 2.98243141847198 3.01950913005705 0.0370777115850673
2.98343420176589 2.98343420176589 3.02290349824982 0.0394692964839241
2.98440759857101 2.98440759857101 3.02622750990269 0.0418199113316771
2.98535159929949 2.98535159929949 3.02947872018192 0.044127120882437
2.98626619465302 2.98626619465302 3.03265472965791 0.0463885350048905
2.98715137562295 2.98715137562295 3.0357531867718 0.0486018111488518
2.98800713349034 2.98800713349034 3.03877179024932 0.050764656758977
2.98883345982608 2.98883345982608 3.0417082914661 0.0528748316400249
2.98963034649094 2.98963034649094 3.04456049675739 0.0549301502664479
2.99039778563569 2.99039778563569 3.0473262696706 0.0569284840349056
2.99113576970113 2.99113576970113 3.05000353316043 0.0588677634592987
2.9918442914182 2.9918442914182 3.05259027172114 0.0607459803029409
2.99252334380805 2.99252334380805 3.05508453345809 0.0625611896500335
2.99317292018209 2.99317292018209 3.05748443209064 0.0643115119085556
2.99379301414206 2.99379301414206 3.05978814889059 0.0659951347485346
2.9943836195801 2.9943836195801 3.06199393454895 0.0676103149688538
2.99494473067883 2.99494473067883 3.06410011097327 0.0691553802944442
2.99547634191135 2.99547634191135 3.06610507300934 0.0706287310979832
2.99597844804137 2.99597844804137 3.06800729009106 0.0720288420496917
2.99645104412319 2.99645104412319 3.06980530781131 0.0733542636881293
2.99689412550179 2.99689412550179 3.07149774941466 0.0746036239128753
2.99730768781287 2.99730768781287 3.07308331721203 0.0757756293991672
2.99769172698289 2.99769172698289 3.07456079391245 0.076869066929564
2.99804623922911 2.99804623922911 3.07592904387306 0.0778828046439508
2.99837122105962 2.99837122105962 3.07718701426487 0.0788157932052469
2.99866666927339 2.99866666927339 3.07833373615387 0.0796670668804773
2.99893258096029 2.99893258096029 3.07936832549591 0.0804357445356247
2.99916895350111 2.99916895350111 3.08028998404364 0.0811210305425263
2.99937578456762 2.99937578456762 3.0810980001669 0.0817222155992807
2.99955307212255 2.99955307212255 3.08179174958235 0.0822386774598058
2.99970081441964 2.99970081441964 3.08237069599543 0.0826698815757969
2.99981901000364 2.99981901000364 3.08283439164977 0.0830153816461272
2.99990765771034 2.99990765771034 3.08318247778777 0.0832748200774249
2.99996675666657 2.99996675666657 3.0834146850183 0.0834479283517227
2.99999630629022 2.99999630629022 3.08353083359356 0.0835345273033412
