-0.00050025 0.999998
0.00050025 0.999998
0.00150075 0.999978
0.00250125 0.999938
0.00350175 0.999879
0.00450225 0.9998
0.00550275 0.999701
0.00650325 0.999583
0.00750375 0.999444
0.00850425 0.999286
0.00950475 0.999109
0.0105053 0.998911
0.0115058 0.998694
0.0125063 0.998457
0.0135068 0.998201
0.0145073 0.997924
0.0155078 0.997628
0.0165083 0.997313
0.0175088 0.996977
0.0185093 0.996623
0.0195098 0.996248
0.0205103 0.995854
0.0215108 0.99544
0.0225113 0.995007
0.0235118 0.994554
0.0245123 0.994082
0.0255128 0.99359
0.0265133 0.993078
0.0275138 0.992547
0.0285143 0.991997
0.0295148 0.991427
0.0305153 0.990838
0.0315158 0.990229
0.0325163 0.989601
0.0335168 0.988954
0.0345173 0.988287
0.0355178 0.987601
0.0365183 0.986896
0.0375188 0.986171
0.0385193 0.985427
0.0395198 0.984665
0.0405203 0.983883
0.0415208 0.983081
0.0425213 0.982261
0.0435218 0.981422
0.0445223 0.980563
0.0455228 0.979686
0.0465233 0.97879
0.0475238 0.977875
0.0485243 0.97694
0.0495248 0.975988
0.0505253 0.975016
0.0515258 0.974025
0.0525263 0.973016
0.0535268 0.971988
0.0545273 0.970941
0.0555278 0.969876
0.0565283 0.968792
0.0575288 0.96769
0.0585293 0.966569
0.0595298 0.96543
0.0605303 0.964272
0.0615308 0.963096
0.0625313 0.961902
0.0635318 0.96069
0.0645323 0.959459
0.0655328 0.95821
0.0665333 0.956943
0.0675338 0.955658
0.0685343 0.954355
0.0695348 0.953034
0.0705353 0.951695
0.0715358 0.950338
0.0725363 0.948964
0.0735368 0.947571
0.0745373 0.946161
0.0755378 0.944734
0.0765383 0.943289
0.0775388 0.941826
0.0785393 0.940346
0.0795398 0.938848
0.0805403 0.937333
0.0815408 0.935801
0.0825413 0.934252
0.0835418 0.932685
0.0845423 0.931101
0.0855428 0.929501
0.0865433 0.927883
0.0875438 0.926248
0.0885443 0.924597
0.0895448 0.922929
0.0905453 0.921244
0.0915458 0.919542
0.0925463 0.917824
0.0935468 0.916089
0.0945473 0.914338
0.0955478 0.912571
0.0965483 0.910787
0.0975488 0.908987
0.0985493 0.907171
0.0995498 0.905338
0.10055 0.90349
0.101551 0.901626
0.102551 0.899746
0.103552 0.89785
0.104552 0.895938
0.105553 0.894011
0.106553 0.892068
0.107554 0.89011
0.108554 0.888136
0.109555 0.886147
0.110555 0.884142
0.111556 0.882123
0.112556 0.880088
0.113557 0.878038
0.114557 0.875974
0.115558 0.873894
0.116558 0.8718
0.117559 0.869691
0.118559 0.867568
0.11956 0.86543
0.12056 0.863277
0.121561 0.86111
0.122561 0.858929
0.123562 0.856734
0.124562 0.854524
0.125563 0.852301
0.126563 0.850064
0.127564 0.847812
0.128564 0.845548
0.129565 0.843269
0.130565 0.840977
0.131566 0.838671
0.132566 0.836352
0.133567 0.83402
0.134567 0.831674
0.135568 0.829316
0.136568 0.826944
0.137569 0.82456
0.138569 0.822162
0.13957 0.819752
0.14057 0.817329
0.141571 0.814894
0.142571 0.812447
0.143572 0.809986
0.144572 0.807514
0.145573 0.80503
0.146573 0.802533
0.147574 0.800025
0.148574 0.797504
0.149575 0.794972
0.150575 0.792429
0.151576 0.789873
0.152576 0.787307
0.153577 0.784728
0.154577 0.782139
0.155578 0.779539
0.156578 0.776927
0.157579 0.774304
0.158579 0.771671
0.15958 0.769027
0.16058 0.766372
0.161581 0.763707
0.162581 0.761031
0.163582 0.758346
0.164582 0.755649
0.165583 0.752943
0.166583 0.750227
0.167584 0.747501
0.168584 0.744765
0.169585 0.742019
0.170585 0.739264
0.171586 0.736499
0.172586 0.733725
0.173587 0.730942
0.174587 0.72815
0.175588 0.725348
0.176588 0.722538
0.177589 0.719719
0.178589 0.716891
0.17959 0.714055
0.18059 0.71121
0.181591 0.708357
0.182591 0.705496
0.183592 0.702626
0.184592 0.699749
0.185593 0.696863
0.186593 0.69397
0.187594 0.691069
0.188594 0.688161
0.189595 0.685245
0.190595 0.682322
0.191596 0.679392
0.192596 0.676454
0.193597 0.67351
0.194597 0.670559
0.195598 0.667601
0.196598 0.664636
0.197599 0.661665
0.198599 0.658688
0.1996 0.655704
0.2006 0.652714
0.201601 0.649718
0.202601 0.646716
0.203602 0.643708
0.204602 0.640695
0.205603 0.637676
0.206603 0.634652
0.207604 0.631622
0.208604 0.628587
0.209605 0.625547
0.210605 0.622502
0.211606 0.619452
0.212606 0.616398
0.213607 0.613339
0.214607 0.610275
0.215608 0.607207
0.216608 0.604135
0.217609 0.601059
0.218609 0.597979
0.21961 0.594894
0.22061 0.591807
0.221611 0.588715
0.222611 0.58562
0.223612 0.582522
0.224612 0.57942
0.225613 0.576315
0.226613 0.573207
0.227614 0.570097
0.228614 0.566983
0.229615 0.563867
0.230615 0.560748
0.231616 0.557627
0.232616 0.554504
0.233617 0.551378
0.234617 0.548251
0.235618 0.545122
0.236618 0.54199
0.237619 0.538857
0.238619 0.535723
0.23962 0.532587
0.24062 0.52945
0.241621 0.526312
0.242621 0.523173
0.243622 0.520032
0.244622 0.516891
0.245623 0.51375
0.246623 0.510607
0.247624 0.507465
0.248624 0.504322
0.249625 0.501179
0.250625 0.498036
0.251626 0.494892
0.252626 0.49175
0.253627 0.488607
0.254627 0.485465
0.255628 0.482323
0.256628 0.479183
0.257629 0.476043
0.258629 0.472903
0.25963 0.469766
0.26063 0.466629
0.261631 0.463493
0.262631 0.460359
0.263632 0.457227
0.264632 0.454096
0.265633 0.450967
0.266633 0.44784
0.267634 0.444715
0.268634 0.441592
0.269635 0.438472
0.270635 0.435354
0.271636 0.432238
0.272636 0.429125
0.273637 0.426015
0.274637 0.422908
0.275638 0.419804
0.276638 0.416703
0.277639 0.413606
0.278639 0.410512
0.27964 0.407421
0.28064 0.404334
0.281641 0.401251
0.282641 0.398172
0.283642 0.395096
0.284642 0.392025
0.285643 0.388958
0.286643 0.385896
0.287644 0.382838
0.288644 0.379785
0.289645 0.376736
0.290645 0.373692
0.291646 0.370654
0.292646 0.36762
0.293647 0.364592
0.294647 0.361569
0.295648 0.358551
0.296648 0.355539
0.297649 0.352533
0.298649 0.349533
0.29965 0.346538
0.30065 0.34355
0.301651 0.340568
0.302651 0.337592
0.303652 0.334622
0.304652 0.331659
0.305653 0.328703
0.306653 0.325753
0.307654 0.322811
0.308654 0.319875
0.309655 0.316946
0.310655 0.314025
0.311656 0.311111
0.312656 0.308205
0.313657 0.305306
0.314657 0.302415
0.315658 0.299531
0.316658 0.296656
0.317659 0.293788
0.318659 0.290929
0.31966 0.288078
0.32066 0.285235
0.321661 0.282401
0.322661 0.279575
0.323662 0.276759
0.324662 0.27395
0.325663 0.271151
0.326663 0.268361
0.327664 0.26558
0.328664 0.262809
0.329665 0.260046
0.330665 0.257294
0.331666 0.25455
0.332666 0.251817
0.333667 0.249093
0.334667 0.246379
0.335668 0.243676
0.336668 0.240982
0.337669 0.238299
0.338669 0.235626
0.33967 0.232963
0.34067 0.230311
0.341671 0.227669
0.342671 0.225039
0.343672 0.222419
0.344672 0.21981
0.345673 0.217213
0.346673 0.214626
0.347674 0.212051
0.348674 0.209487
0.349675 0.206934
0.350675 0.204394
0.351676 0.201864
0.352676 0.199347
0.353677 0.196842
0.354677 0.194348
0.355678 0.191867
0.356678 0.189397
0.357679 0.18694
0.358679 0.184496
0.35968 0.182064
0.36068 0.179644
0.361681 0.177237
0.362681 0.174843
0.363682 0.172462
0.364682 0.170093
0.365683 0.167738
0.366683 0.165396
0.367684 0.163067
0.368684 0.160751
0.369685 0.158449
0.370685 0.15616
0.371686 0.153885
0.372686 0.151623
0.373687 0.149376
0.374687 0.147142
0.375688 0.144922
0.376688 0.142716
0.377689 0.140524
0.378689 0.138347
0.37969 0.136183
0.38069 0.134034
0.381691 0.1319
0.382691 0.12978
0.383692 0.127675
0.384692 0.125584
0.385693 0.123509
0.386693 0.121448
0.387694 0.119402
0.388694 0.117371
0.389695 0.115355
0.390695 0.113355
0.391696 0.111369
0.392696 0.109399
0.393697 0.107445
0.394697 0.105506
0.395698 0.103583
0.396698 0.101675
0.397699 0.0997829
0.398699 0.0979067
0.3997 0.0960465
0.4007 0.0942022
0.401701 0.0923739
0.402701 0.0905617
0.403702 0.0887658
0.404702 0.086986
0.405703 0.0852226
0.406703 0.0834756
0.407704 0.0817451
0.408704 0.080031
0.409705 0.0783336
0.410705 0.0766528
0.411706 0.0749888
0.412706 0.0733416
0.413707 0.0717112
0.414707 0.0700977
0.415708 0.0685012
0.416708 0.0669218
0.417709 0.0653595
0.418709 0.0638144
0.41971 0.0622865
0.42071 0.0607759
0.421711 0.0592827
0.422711 0.0578069
0.423712 0.0563485
0.424712 0.0549077
0.425713 0.0534845
0.426713 0.0520789
0.427714 0.050691
0.428714 0.0493209
0.429715 0.0479686
0.430715 0.0466342
0.431716 0.0453176
0.432716 0.0440191
0.433717 0.0427385
0.434717 0.0414761
0.435718 0.0402317
0.436718 0.0390055
0.437719 0.0377976
0.438719 0.0366078
0.43972 0.0354365
0.44072 0.0342834
0.441721 0.0331488
0.442721 0.0320326
0.443722 0.0309349
0.444722 0.0298558
0.445723 0.0287952
0.446723 0.0277533
0.447724 0.02673
0.448724 0.0257254
0.449725 0.0247396
0.450725 0.0237725
0.451726 0.0228243
0.452726 0.0218949
0.453727 0.0209844
0.454727 0.0200928
0.455728 0.0192202
0.456728 0.0183666
0.457729 0.0175321
0.458729 0.0167166
0.45973 0.0159202
0.46073 0.0151429
0.461731 0.0143848
0.462731 0.0136459
0.463732 0.0129262
0.464732 0.0122257
0.465733 0.0115445
0.466733 0.0108827
0.467734 0.0102401
0.468734 0.00961694
0.469735 0.00901313
0.470735 0.00842873
0.471736 0.00786374
0.472736 0.00731821
0.473737 0.00679215
0.474737 0.00628557
0.475738 0.00579851
0.476738 0.00533098
0.477739 0.00488299
0.478739 0.00445457
0.47974 0.00404574
0.48074 0.0036565
0.481741 0.00328688
0.482741 0.00293688
0.483742 0.00260653
0.484742 0.00229584
0.485743 0.00200481
0.486743 0.00173346
0.487744 0.00148181
0.488744 0.00124985
0.489745 0.0010376
0.490745 0.000845075
0.491746 0.000672271
0.492746 0.0005192
0.493747 0.000385868
0.494747 0.000272278
0.495748 0.000178438
0.496748 0.000104348
0.497749 5.0014e-05
0.498749 1.54366e-05
0.49975 6.17467e-07
0.50075 5.5572e-06
0.501751 3.02556e-05
0.502751 7.47117e-05
0.503752 0.000138924
0.504752 0.000222889
0.505753 0.000326605
0.506753 0.000450066
0.507754 0.000593269
0.508754 0.000756207
0.509755 0.000938874
0.510755 0.00114126
0.511756 0.00136337
0.512756 0.00160517
0.513757 0.00186668
0.514757 0.00214787
0.515758 0.00244873
0.516758 0.00276925
0.517759 0.00310943
0.518759 0.00346924
0.51976 0.00384867
0.52076 0.00424771
0.521761 0.00466634
0.522761 0.00510454
0.523762 0.0055623
0.524762 0.0060396
0.525763 0.00653642
0.526763 0.00705274
0.527764 0.00758854
0.528764 0.00814381
0.529765 0.0087185
0.530765 0.00931261
0.531766 0.00992612
0.532766 0.010559
0.533767 0.0112112
0.534767 0.0118827
0.535768 0.0125735
0.536768 0.0132836
0.537769 0.0140129
0.538769 0.0147614
0.53977 0.0155291
0.54077 0.016316
0.541771 0.0171219
0.542771 0.017947
0.543772 0.018791
0.544772 0.0196542
0.545773 0.0205362
0.546773 0.0214373
0.547774 0.0223572
0.548774 0.023296
0.549775 0.0242537
0.550775 0.0252301
0.551776 0.0262254
0.552776 0.0272393
0.553777 0.0282719
0.554777 0.0293232
0.555778 0.030393
0.556778 0.0314815
0.557779 0.0325884
0.558779 0.0337138
0.55978 0.0348576
0.56078 0.0360199
0.561781 0.0372004
0.562781 0.0383993
0.563782 0.0396163
0.564782 0.0408516
0.565783 0.042105
0.566783 0.0433765
0.567784 0.0446661
0.568784 0.0459737
0.569785 0.0472992
0.570785 0.0486425
0.571786 0.0500038
0.572786 0.0513828
0.573787 0.0527795
0.574787 0.0541939
0.575788 0.0556259
0.576788 0.0570755
0.577789 0.0585426
0.578789 0.0600271
0.57979 0.0615291
0.58079 0.0630483
0.581791 0.0645848
0.582791 0.0661385
0.583792 0.0677094
0.584792 0.0692974
0.585793 0.0709023
0.586793 0.0725242
0.587794 0.0741631
0.588794 0.0758187
0.589795 0.0774911
0.590795 0.0791802
0.591796 0.080886
0.592796 0.0826083
0.593797 0.0843471
0.594797 0.0861023
0.595798 0.0878739
0.596798 0.0896617
0.597799 0.0914658
0.598799 0.093286
0.5998 0.0951223
0.6008 0.0969746
0.601801 0.0988428
0.602801 0.100727
0.603802 0.102627
0.604802 0.104542
0.605803 0.106474
0.606803 0.10842
0.607804 0.110382
0.608804 0.11236
0.609805 0.114353
0.610805 0.116361
0.611806 0.118384
0.612806 0.120423
0.613807 0.122476
0.614807 0.124545
0.615808 0.126628
0.616808 0.128726
0.617809 0.130838
0.618809 0.132965
0.61981 0.135107
0.62081 0.137263
0.621811 0.139434
0.622811 0.141618
0.623812 0.143817
0.624812 0.14603
0.625813 0.148257
0.626813 0.150498
0.627814 0.152752
0.628814 0.155021
0.629815 0.157303
0.630815 0.159598
0.631816 0.161907
0.632816 0.16423
0.633817 0.166565
0.634817 0.168914
0.635818 0.171276
0.636818 0.173651
0.637819 0.176038
0.638819 0.178439
0.63982 0.180852
0.64082 0.183278
0.641821 0.185717
0.642821 0.188167
0.643822 0.19063
0.644822 0.193106
0.645823 0.195593
0.646823 0.198093
0.647824 0.200604
0.648824 0.203128
0.649825 0.205663
0.650825 0.208209
0.651826 0.210767
0.652826 0.213337
0.653827 0.215918
0.654827 0.21851
0.655828 0.221113
0.656828 0.223728
0.657829 0.226353
0.658829 0.228989
0.65983 0.231636
0.66083 0.234293
0.661831 0.236961
0.662831 0.239639
0.663832 0.242328
0.664832 0.245026
0.665833 0.247735
0.666833 0.250454
0.667834 0.253182
0.668834 0.255921
0.669835 0.258669
0.670835 0.261426
0.671836 0.264193
0.672836 0.26697
0.673837 0.269755
0.674837 0.27255
0.675838 0.275353
0.676838 0.278166
0.677839 0.280987
0.678839 0.283817
0.67984 0.286655
0.68084 0.289502
0.681841 0.292357
0.682841 0.295221
0.683842 0.298092
0.684842 0.300972
0.685843 0.303859
0.686843 0.306754
0.687844 0.309657
0.688844 0.312567
0.689845 0.315485
0.690845 0.31841
0.691846 0.321342
0.692846 0.324281
0.693847 0.327227
0.694847 0.33018
0.695848 0.33314
0.696848 0.336106
0.697849 0.339079
0.698849 0.342058
0.69985 0.345043
0.70085 0.348035
0.701851 0.351032
0.702851 0.354035
0.703852 0.357045
0.704852 0.360059
0.705853 0.36308
0.706853 0.366105
0.707854 0.369136
0.708854 0.372172
0.709855 0.375214
0.710855 0.37826
0.711856 0.381311
0.712856 0.384366
0.713857 0.387427
0.714857 0.390491
0.715858 0.39356
0.716858 0.396634
0.717859 0.399711
0.718859 0.402792
0.71986 0.405877
0.72086 0.408966
0.721861 0.412058
0.722861 0.415154
0.723862 0.418253
0.724862 0.421356
0.725863 0.424462
0.726863 0.42757
0.727864 0.430681
0.728864 0.433796
0.729865 0.436912
0.730865 0.440032
0.731866 0.443153
0.732866 0.446277
0.733867 0.449403
0.734867 0.452531
0.735868 0.455661
0.736868 0.458793
0.737869 0.461926
0.738869 0.465061
0.73987 0.468197
0.74087 0.471334
0.741871 0.474473
0.742871 0.477612
0.743872 0.480753
0.744872 0.483894
0.745873 0.487036
0.746873 0.490178
0.747874 0.493321
0.748874 0.496464
0.749875 0.499607
0.750875 0.50275
0.751876 0.505893
0.752876 0.509036
0.753877 0.512179
0.754877 0.515321
0.755878 0.518462
0.756878 0.521603
0.757879 0.524742
0.758879 0.527881
0.75988 0.531019
0.76088 0.534155
0.761881 0.53729
0.762881 0.540424
0.763882 0.543556
0.764882 0.546686
0.765883 0.549815
0.766883 0.552941
0.767884 0.556066
0.768884 0.559188
0.769885 0.562308
0.770885 0.565425
0.771886 0.56854
0.772886 0.571652
0.773887 0.574762
0.774887 0.577868
0.775888 0.580971
0.776888 0.584071
0.777889 0.587168
0.778889 0.590261
0.77989 0.593351
0.78089 0.596437
0.781891 0.599519
0.782891 0.602598
0.783892 0.605672
0.784892 0.608742
0.785893 0.611808
0.786893 0.614869
0.787894 0.617926
0.788894 0.620978
0.789895 0.624025
0.790895 0.627068
0.791896 0.630105
0.792896 0.633137
0.793897 0.636164
0.794897 0.639186
0.795898 0.642202
0.796898 0.645213
0.797899 0.648218
0.798899 0.651217
0.7999 0.65421
0.8009 0.657196
0.801901 0.660177
0.802901 0.663151
0.803902 0.666119
0.804902 0.669081
0.805903 0.672035
0.806903 0.674983
0.807904 0.677924
0.808904 0.680858
0.809905 0.683785
0.810905 0.686704
0.811906 0.689616
0.812906 0.692521
0.813907 0.695418
0.814907 0.698307
0.815908 0.701189
0.816908 0.704062
0.817909 0.706927
0.818909 0.709785
0.81991 0.712634
0.82091 0.715474
0.821911 0.718306
0.822911 0.72113
0.823912 0.723944
0.824912 0.72675
0.825913 0.729547
0.826913 0.732335
0.827914 0.735113
0.828914 0.737883
0.829915 0.740643
0.830915 0.743393
0.831916 0.746134
0.832916 0.748865
0.833917 0.751586
0.834917 0.754297
0.835918 0.756999
0.836918 0.75969
0.837919 0.762371
0.838919 0.765041
0.83992 0.767701
0.84092 0.77035
0.841921 0.772989
0.842921 0.775617
0.843922 0.778234
0.844922 0.78084
0.845923 0.783435
0.846923 0.786019
0.847924 0.788591
0.848924 0.791152
0.849925 0.793702
0.850925 0.79624
0.851926 0.798766
0.852926 0.80128
0.853927 0.803783
0.854927 0.806273
0.855928 0.808752
0.856928 0.811218
0.857929 0.813672
0.858929 0.816113
0.85993 0.818542
0.86093 0.820959
0.861931 0.823363
0.862931 0.825754
0.863932 0.828132
0.864932 0.830497
0.865933 0.832849
0.866933 0.835188
0.867934 0.837513
0.868934 0.839826
0.869935 0.842125
0.870935 0.84441
0.871936 0.846682
0.872936 0.84894
0.873937 0.851184
0.874937 0.853414
0.875938 0.855631
0.876938 0.857833
0.877939 0.860021
0.878939 0.862195
0.87994 0.864355
0.88094 0.8665
0.881941 0.868631
0.882941 0.870748
0.883942 0.872849
0.884942 0.874936
0.885943 0.877008
0.886943 0.879065
0.887944 0.881107
0.888944 0.883134
0.889945 0.885146
0.890945 0.887143
0.891946 0.889125
0.892946 0.891091
0.893947 0.893041
0.894947 0.894976
0.895948 0.896896
0.896948 0.8988
0.897949 0.900688
0.898949 0.90256
0.89995 0.904416
0.90095 0.906256
0.901951 0.908081
0.902951 0.909889
0.903952 0.911681
0.904952 0.913456
0.905953 0.915216
0.906953 0.916959
0.907954 0.918685
0.908954 0.920395
0.909955 0.922088
0.910955 0.923765
0.911956 0.925425
0.912956 0.927068
0.913957 0.928694
0.914957 0.930303
0.915958 0.931895
0.916958 0.93347
0.917959 0.935028
0.918959 0.936569
0.91996 0.938093
0.92096 0.939599
0.921961 0.941088
0.922961 0.942559
0.923962 0.944013
0.924962 0.94545
0.925963 0.946869
0.926963 0.94827
0.927964 0.949653
0.928964 0.951019
0.929965 0.952367
0.930965 0.953697
0.931966 0.955009
0.932966 0.956303
0.933967 0.957579
0.934967 0.958837
0.935968 0.960077
0.936968 0.961298
0.937969 0.962502
0.938969 0.963687
0.93997 0.964854
0.94097 0.966002
0.941971 0.967132
0.942971 0.968244
0.943972 0.969337
0.944972 0.970411
0.945973 0.971467
0.946973 0.972504
0.947974 0.973523
0.948974 0.974523
0.949975 0.975504
0.950975 0.976466
0.951976 0.97741
0.952976 0.978335
0.953977 0.97924
0.954977 0.980127
0.955978 0.980995
0.956978 0.981844
0.957979 0.982674
0.958979 0.983484
0.95998 0.984276
0.96098 0.985048
0.961981 0.985802
0.962981 0.986536
0.963982 0.987251
0.964982 0.987946
0.965983 0.988623
0.966983 0.98928
0.967984 0.989917
0.968984 0.990536
0.969985 0.991135
0.970985 0.991714
0.971986 0.992274
0.972986 0.992815
0.973987 0.993336
0.974987 0.993838
0.975988 0.99432
0.976988 0.994783
0.977989 0.995226
0.978989 0.995649
0.97999 0.996053
0.98099 0.996438
0.981991 0.996802
0.982991 0.997148
0.983992 0.997473
0.984992 0.997779
0.985993 0.998065
0.986993 0.998331
0.987994 0.998578
0.988994 0.998805
0.989995 0.999012
0.990995 0.9992
0.991996 0.999368
0.992996 0.999516
0.993997 0.999644
0.994997 0.999753
0.995998 0.999842
0.996998 0.999911
0.997999 0.99996
0.998999 0.99999
