-0.0526316 -0.0526316 0.307106
-0.0526316 0.0526316 0.307106
-0.0526316 0.157895 0.177594
-0.0526316 0.263158 -0.0268135
-0.0526316 0.368421 -0.219913
-0.0526316 0.473684 -0.320271
-0.0526316 0.578947 -0.285565
-0.0526316 0.684211 -0.13043
-0.0526316 0.789474 0.079709
-0.0526316 0.894737 0.256234
0.0526316 -0.0526316 0.307106
0.0526316 0.0526316 0.307106
0.0526316 0.157895 0.177594
0.0526316 0.263158 -0.0268135
0.0526316 0.368421 -0.219913
0.0526316 0.473684 -0.320271
0.0526316 0.578947 -0.285565
0.0526316 0.684211 -0.13043
0.0526316 0.789474 0.079709
0.0526316 0.894737 0.256234
0.157895 -0.0526316 0.791806
0.157895 0.0526316 0.791806
0.157895 0.157895 0.457887
0.157895 0.263158 -0.0691327
0.157895 0.368421 -0.566997
0.157895 0.473684 -0.825749
0.157895 0.578947 -0.736266
0.157895 0.684211 -0.336286
0.157895 0.789474 0.205512
0.157895 0.894737 0.660642
0.263158 -0.0526316 0.942587
0.263158 0.0526316 0.942587
0.263158 0.157895 0.54508
0.263158 0.263158 -0.0822973
0.263158 0.368421 -0.674968
0.263158 0.473684 -0.982992
0.263158 0.578947 -0.87647
0.263158 0.684211 -0.400323
0.263158 0.789474 0.244647
0.263158 0.894737 0.786445
0.368421 -0.0526316 0.69586
0.368421 0.0526316 0.69586
0.368421 0.157895 0.402403
0.368421 0.263158 -0.0607556
0.368421 0.368421 -0.498292
0.368421 0.473684 -0.72569
0.368421 0.578947 -0.64705
0.368421 0.684211 -0.295537
0.368421 0.789474 0.18061
0.368421 0.894737 0.58059
0.473684 -0.0526316 0.155676
0.473684 0.0526316 0.155676
0.473684 0.157895 0.0900247
0.473684 0.263158 -0.0135921
0.473684 0.368421 -0.111477
0.473684 0.473684 -0.16235
0.473684 0.578947 -0.144757
0.473684 0.684211 -0.0661169
0.473684 0.789474 0.0404056
0.473684 0.894737 0.129888
0.578947 -0.0526316 -0.450159
0.578947 0.0526316 -0.450159
0.578947 0.157895 -0.260319
0.578947 0.263158 0.0393034
0.578947 0.368421 0.32235
0.578947 0.473684 0.469456
0.578947 0.578947 0.418583
0.578947 0.684211 0.191186
0.578947 0.789474 -0.116838
0.578947 0.894737 -0.375589
0.684211 -0.0526316 -0.866154
0.684211 0.0526316 -0.866154
0.684211 0.157895 -0.500881
0.684211 0.263158 0.075624
0.684211 0.368421 0.620236
0.684211 0.473684 0.903283
0.684211 0.578947 0.805399
0.684211 0.684211 0.367862
0.684211 0.789474 -0.224809
0.684211 0.894737 -0.722674
0.789474 -0.0526316 -0.916875
0.789474 0.0526316 -0.916875
0.789474 0.157895 -0.530212
0.789474 0.263158 0.0800524
0.789474 0.368421 0.656557
0.789474 0.473684 0.956179
0.789474 0.578947 0.852562
0.789474 0.684211 0.389404
0.789474 0.789474 -0.237974
0.789474 0.894737 -0.764993
0.894737 -0.0526316 -0.580933
0.894737 0.0526316 -0.580933
0.894737 0.157895 -0.335943
0.894737 0.263158 0.0507213
0.894737 0.368421 0.415995
0.894737 0.473684 0.605836
0.894737 0.578947 0.540184
0.894737 0.684211 0.246726
0.894737 0.789474 -0.15078
0.894737 0.894737 -0.4847
