                   1            0.686981            0.686981
                   2            0.650945            0.677241
                   3              0.6168             0.66764
                   4            0.584446            0.658175
                   5            0.553789            0.648843
                   6             0.52474            0.639645
                   7            0.497215            0.630576
                   8            0.471133            0.621636
                   9             0.44642            0.612823
                  10            0.423003            0.604135
                  11            0.400814             0.59557
                  12             0.37979            0.587127
                  13            0.359868            0.578803
                  14            0.340991            0.570597
                  15            0.323104            0.562508
                  16            0.306156            0.554533
                  17            0.290097            0.546671
                  18             0.27488            0.538921
                  19            0.260461             0.53128
                  20            0.246798            0.523748
                  21            0.233853            0.516323
                  22            0.221586            0.509003
                  23            0.209963            0.501787
                  24            0.198949            0.494673
                  25            0.188513             0.48766
                  26            0.178625            0.480746
                  27            0.169255            0.473931
                  28            0.160377            0.467212
                  29            0.151964            0.460588
                  30            0.143993            0.454058
                  31             0.13644            0.447621
                  32            0.129283            0.441275
                  33            0.122501            0.435019
                  34            0.116076            0.428851
                  35            0.109987            0.422771
                  36            0.104217            0.416778
                  37           0.0987507            0.410869
                  38           0.0935708            0.405044
                  39           0.0886625            0.399302
                  40           0.0840117            0.393641
                  41           0.0796049             0.38806
                  42           0.0754292            0.382558
                  43           0.0714726            0.377135
                  44           0.0677235            0.371788
                  45           0.0641711            0.366517
                  46            0.060805            0.361321
                  47           0.0576155            0.356198
                  48           0.0545933            0.351148
                  49           0.0517296             0.34617
                  50           0.0490161            0.341262
                  51            0.046445            0.336424
                  52           0.0440087            0.331655
                  53           0.0417002            0.326953
                  54           0.0395128            0.322317
                  55           0.0374402            0.317748
                  56           0.0354763            0.313243
                  57           0.0336154            0.308802
                  58           0.0318521            0.304424
                  59           0.0301813            0.300108
                  60           0.0285981            0.295854
                  61            0.027098            0.291659
                  62           0.0256766            0.287524
                  63           0.0243297            0.283448
                  64           0.0230535             0.27943
                  65           0.0218442            0.275468
                  66           0.0206984            0.271563
                  67           0.0196127            0.267713
                  68           0.0185839            0.263917
                  69           0.0176091            0.260176
                  70           0.0166854            0.256487
                  71           0.0158102            0.252851
                  72           0.0149808            0.249266
                  73            0.014195            0.245732
                  74           0.0134504            0.242248
                  75           0.0127449            0.238814
                  76           0.0120763            0.235428
                  77           0.0114429            0.232091
                  78           0.0108427              0.2288
                  79           0.0102739            0.225556
                  80          0.00973498            0.222359
                  81          0.00922434            0.219206
                  82          0.00874047            0.216098
                  83          0.00828199            0.213035
                  84          0.00784756            0.210015
                  85          0.00743592            0.207037
                  86          0.00704587            0.204102
                  87          0.00667628            0.201208
                  88          0.00632607            0.198356
                  89          0.00599424            0.195544
                  90          0.00567981            0.192771
                  91          0.00538188            0.190038
                  92          0.00509957            0.187344
                  93          0.00483208            0.184688
                  94          0.00457861             0.18207
                  95          0.00433844            0.179489
                  96          0.00411087            0.176944
                  97          0.00389523            0.174435
                  98          0.00369091            0.171962
                  99           0.0034973            0.169524
                 100          0.00331385            0.167121
                 101          0.00314002            0.164752
                 102          0.00297531            0.162416
                 103          0.00281924            0.160113
                 104          0.00267136            0.157843
                 105          0.00253123            0.155606
                 106          0.00239846              0.1534
                 107          0.00227265            0.151225
                 108          0.00215344            0.149081
                 109          0.00204048            0.146967
                 110          0.00193344            0.144884
                 111          0.00183203             0.14283
                 112          0.00173593            0.140805
                 113          0.00164487            0.138809
                 114          0.00155859            0.136841
                 115          0.00147683            0.134901
                 116          0.00139936            0.132988
                 117          0.00132596            0.131103
                 118          0.00125641            0.129244
                 119           0.0011905            0.127412
                 120          0.00112806            0.125605
                 121          0.00106888            0.123825
                 122          0.00101282            0.122069
                 123         0.000959688            0.120339
                 124         0.000909348            0.118632
                 125         0.000861648            0.116951
                 126          0.00081645            0.115293
                 127         0.000773624            0.113658
                 128         0.000733043            0.112047
                 129         0.000694591            0.110458
                 130         0.000658157            0.108892
                 131         0.000623633            0.107348
                 132         0.000590921            0.105826
                 133         0.000559924            0.104326
                 134         0.000530553            0.102847
                 135         0.000502723            0.101389
                 136         0.000476353           0.0999516
                 137         0.000451366           0.0985346
                 138         0.000427689           0.0971376
                 139         0.000405255           0.0957605
                 140         0.000383997           0.0944029
                 141         0.000363855           0.0930645
                 142         0.000344769           0.0917451
                 143         0.000326684           0.0904444
                 144         0.000309548           0.0891622
                 145          0.00029331           0.0878981
                 146         0.000277925           0.0866519
                 147         0.000263346           0.0854235
                 148         0.000249533           0.0842124
                 149         0.000236443           0.0830185
                 150         0.000224041           0.0818415
                 151         0.000212289           0.0806812
                 152         0.000201153           0.0795374
                 153         0.000190602           0.0784098
                 154         0.000180604           0.0772982
                 155          0.00017113           0.0762023
                 156         0.000162153           0.0751219
                 157         0.000153648           0.0740569
                 158         0.000145588            0.073007
                 159         0.000137951            0.071972
                 160         0.000130715           0.0709516
                 161         0.000123858           0.0699457
                 162         0.000117361           0.0689541
                 163         0.000111205           0.0679765
                 164         0.000105372           0.0670128
                 165         9.98447e-05           0.0660627
                 166         9.46074e-05           0.0651261
                 167         8.96448e-05           0.0642028
                 168         8.49425e-05           0.0632926
                 169         8.04868e-05           0.0623953
                 170         7.62649e-05           0.0615107
                 171         7.22644e-05           0.0606387
                 172         6.84738e-05            0.059779
                 173          6.4882e-05           0.0589315
                 174         6.14786e-05            0.058096
                 175         5.82538e-05           0.0572724
                 176         5.51981e-05           0.0564604
                 177         5.23027e-05           0.0556599
                 178         4.95591e-05           0.0548708
                 179         4.69595e-05           0.0540929
                 180         4.44963e-05            0.053326
                 181         4.21622e-05             0.05257
                 182         3.99506e-05           0.0518247
                 183          3.7855e-05             0.05109
                 184         3.58693e-05           0.0503657
                 185         3.39878e-05           0.0496516
                 186          3.2205e-05           0.0489477
                 187         3.05156e-05           0.0482538
                 188          2.8915e-05           0.0475697
                 189         2.73982e-05           0.0468953
                 190         2.59611e-05           0.0462304
                 191         2.45993e-05            0.045575
                 192         2.33089e-05           0.0449289
                 193         2.20862e-05           0.0442919
                 194         2.09277e-05            0.043664
                 195           1.983e-05           0.0430449
                 196         1.87898e-05           0.0424347
                 197         1.78042e-05           0.0418331
                 198         1.68702e-05             0.04124
                 199         1.59853e-05           0.0406553
                 200         1.51468e-05            0.040079
                 201         1.43523e-05           0.0395107
                 202         1.35994e-05           0.0389506
                 203         1.28861e-05           0.0383984
                 204         1.22101e-05            0.037854
                 205         1.15697e-05           0.0373173
                 206         1.09628e-05           0.0367883
                 207         1.03877e-05           0.0362667
                 208         9.84283e-06           0.0357526
                 209         9.32653e-06           0.0352457
                 210         8.83731e-06            0.034746
                 211         8.37375e-06           0.0342534
                 212          7.9345e-06           0.0337678
                 213          7.5183e-06           0.0332891
                 214         7.12393e-06           0.0328171
                 215         6.75024e-06           0.0323519
                 216         6.39616e-06           0.0318932
                 217         6.06065e-06            0.031441
                 218         5.74274e-06           0.0309953
                 219          5.4415e-06           0.0305559
                 220         5.15607e-06           0.0301227
                 221         4.88561e-06           0.0296956
                 222         4.62933e-06           0.0292746
                 223          4.3865e-06           0.0288596
                 224         4.15641e-06           0.0284504
                 225         3.93838e-06           0.0280471
                 226          3.7318e-06           0.0276495
                 227         3.53605e-06           0.0272575
                 228         3.35056e-06            0.026871
                 229         3.17481e-06           0.0264901
                 230         3.00828e-06           0.0261145
                 231         2.85048e-06           0.0257443
                 232         2.70095e-06           0.0253793
                 233         2.55928e-06           0.0250195
                 234         2.42503e-06           0.0246648
                 235         2.29783e-06           0.0243151
                 236         2.17729e-06           0.0239704
                 237         2.06308e-06           0.0236306
                 238         1.95486e-06           0.0232955
                 239         1.85232e-06           0.0229653
                 240         1.75516e-06           0.0226397
                 241         1.66309e-06           0.0223187
                 242         1.57585e-06           0.0220023
                 243         1.49319e-06           0.0216904
                 244         1.41487e-06           0.0213829
                 245         1.34065e-06           0.0210797
                 246         1.27033e-06           0.0207809
                 247         1.20369e-06           0.0204863
                 248         1.14055e-06           0.0201958
                 249         1.08073e-06           0.0199095
                 250         1.02404e-06           0.0196272
                 251          9.7032e-07            0.019349
                 252         9.19422e-07           0.0190747
                 253         8.71194e-07           0.0188042
                 254         8.25496e-07           0.0185376
                 255         7.82194e-07           0.0182748
                 256         7.41164e-07           0.0180157
                 257         7.02287e-07           0.0177603
                 258         6.65448e-07           0.0175085
                 259         6.30542e-07           0.0172603
                 260         5.97467e-07           0.0170156
                 261         5.66127e-07           0.0167744
                 262         5.36431e-07           0.0165366
                 263         5.08292e-07           0.0163021
                 264          4.8163e-07            0.016071
                 265         4.56366e-07           0.0158432
                 266         4.32428e-07           0.0156186
                 267         4.09745e-07           0.0153971
                 268         3.88251e-07           0.0151788
                 269         3.67886e-07           0.0149636
                 270         3.48588e-07           0.0147515
                 271         3.30303e-07           0.0145424
                 272         3.12977e-07           0.0143362
                 273          2.9656e-07           0.0141329
                 274         2.81004e-07           0.0139326
                 275         2.66264e-07           0.0137351
                 276         2.52297e-07           0.0135403
                 277         2.39063e-07           0.0133484
                 278         2.26523e-07           0.0131591
                 279         2.14641e-07           0.0129726
                 280         2.03382e-07           0.0127886
                 281         1.92713e-07           0.0126073
                 282         1.82604e-07           0.0124286
                 283         1.73026e-07           0.0122524
                 284          1.6395e-07           0.0120787
                 285          1.5535e-07           0.0119075
                 286         1.47201e-07           0.0117386
                 287          1.3948e-07           0.0115722
                 288         1.32163e-07           0.0114082
                 289         1.25231e-07           0.0112464
                 290         1.18662e-07            0.011087
                 291         1.12437e-07           0.0109298
                 292         1.06539e-07           0.0107748
                 293         1.00951e-07           0.0106221
                 294         9.56555e-08           0.0104715
                 295         9.06379e-08            0.010323
                 296         8.58835e-08           0.0101767
                 297         8.13785e-08           0.0100324
                 298         7.71098e-08          0.00989018
                 299          7.3065e-08          0.00974996
                 300         6.92324e-08          0.00961173
                 301         6.56008e-08          0.00947547
                 302         6.21597e-08          0.00934113
                 303         5.88991e-08           0.0092087
                 304         5.58096e-08          0.00907815
                 305         5.28821e-08          0.00894944
                 306         5.01082e-08          0.00882257
                 307         4.74798e-08          0.00869749
                 308         4.49892e-08          0.00857418
                 309         4.26293e-08          0.00845262
                 310         4.03932e-08          0.00833279
                 311         3.82744e-08          0.00821465
                 312         3.62667e-08          0.00809819
                 313         3.43643e-08          0.00798338
                 314         3.25617e-08           0.0078702
                 315         3.08537e-08          0.00775862
                 316         2.92353e-08          0.00764863
                 317         2.77018e-08          0.00754019
                 318         2.62487e-08          0.00743329
                 319         2.48718e-08          0.00732791
                 320         2.35671e-08          0.00722402
                 321         2.23309e-08           0.0071216
                 322         2.11596e-08          0.00702064
                 323         2.00496e-08           0.0069211
                 324         1.89979e-08          0.00682298
                 325         1.80014e-08          0.00672625
                 326         1.70571e-08          0.00663089
                 327         1.61624e-08          0.00653688
                 328         1.53146e-08          0.00644421
                 329         1.45113e-08          0.00635285
                 330         1.37501e-08          0.00626278
                 331         1.30288e-08          0.00617399
                 332         1.23454e-08          0.00608646
                 333         1.16978e-08          0.00600018
                 334         1.10842e-08          0.00591511
                 335         1.05028e-08          0.00583125
                 336         9.95188e-09          0.00574858
                 337         9.42985e-09          0.00566708
                 338         8.93521e-09          0.00558674
                 339         8.46652e-09          0.00550753
                 340         8.02241e-09          0.00542945
                 341         7.60159e-09          0.00535248
                 342         7.20285e-09          0.00527659
                 343         6.82502e-09          0.00520179
                 344         6.46702e-09          0.00512804
                 345         6.12779e-09          0.00505534
                 346         5.80636e-09          0.00498367
                 347         5.50179e-09          0.00491301
                 348         5.21319e-09          0.00484336
                 349         4.93973e-09          0.00477469
                 350         4.68062e-09            0.004707
                 351          4.4351e-09          0.00464027
                 352         4.20246e-09          0.00457448
                 353         3.98202e-09          0.00450963
                 354         3.77314e-09           0.0044457
                 355         3.57522e-09          0.00438267
                 356         3.38768e-09          0.00432054
                 357         3.20998e-09          0.00425928
                 358          3.0416e-09           0.0041989
                 359         2.88206e-09          0.00413937
                 360         2.73088e-09          0.00408068
                 361         2.58763e-09          0.00402283
                 362          2.4519e-09           0.0039658
                 363         2.32328e-09          0.00390957
                 364         2.20141e-09          0.00385415
                 365         2.08594e-09          0.00379951
                 366         1.97652e-09          0.00374564
                 367         1.87284e-09          0.00369254
                 368          1.7746e-09          0.00364019
                 369         1.68152e-09          0.00358858
                 370         1.59331e-09           0.0035377
                 371         1.50974e-09          0.00348755
                 372         1.43054e-09          0.00343811
                 373          1.3555e-09          0.00338936
                 374          1.2844e-09          0.00334131
                 375         1.21703e-09          0.00329394
                 376         1.15319e-09          0.00324724
                 377          1.0927e-09          0.00320121
                 378         1.03538e-09          0.00315582
                 379          9.8107e-10          0.00311108
                 380         9.29609e-10          0.00306697
                 381         8.80846e-10          0.00302349
                 382          8.3464e-10          0.00298063
                 383          7.9086e-10          0.00293837
                 384         7.49376e-10          0.00289671
                 385         7.10068e-10          0.00285565
                 386          6.7282e-10          0.00281516
                 387         6.37528e-10          0.00277525
                 388         6.04086e-10           0.0027359
                 389         5.72399e-10          0.00269712
                 390         5.42374e-10          0.00265888
                 391         5.13924e-10          0.00262118
                 392         4.86965e-10          0.00258402
                 393         4.61422e-10          0.00254739
                 394         4.37218e-10          0.00251127
                 395         4.14284e-10          0.00247567
                 396         3.92553e-10          0.00244057
                 397         3.71962e-10          0.00240597
                 398          3.5245e-10          0.00237186
                 399         3.33963e-10          0.00233824
                 400         3.16445e-10          0.00230509
                 401         2.99846e-10          0.00227241
                 402         2.84116e-10          0.00224019
                 403         2.69214e-10          0.00220843
                 404         2.55092e-10          0.00217712
                 405         2.41712e-10          0.00214626
                 406         2.29032e-10          0.00211583
                 407         2.17019e-10          0.00208583
                 408         2.05635e-10          0.00205626
                 409         1.94848e-10          0.00202711
                 410         1.84628e-10          0.00199837
                 411         1.74943e-10          0.00197004
                 412         1.65766e-10          0.00194211
                 413         1.57071e-10          0.00191457
                 414         1.48832e-10          0.00188743
                 415         1.41025e-10          0.00186067
                 416         1.33627e-10          0.00183429
                 417         1.26618e-10          0.00180829
                 418         1.19976e-10          0.00178265
                 419         1.13683e-10          0.00175738
                 420          1.0772e-10          0.00173246
                 421         1.02069e-10           0.0017079
                 422         9.67156e-11          0.00168369
                 423         9.16415e-11          0.00165982
                 424         8.68346e-11          0.00163629
                 425         8.22803e-11          0.00161309
                 426         7.79635e-11          0.00159022
                 427         7.38744e-11          0.00156768
                 428               7e-11          0.00154545
                 429         6.63273e-11          0.00152354
                 430         6.28487e-11          0.00150194
                 431         5.95514e-11          0.00148065
                 432         5.64285e-11          0.00145966
                 433         5.34679e-11          0.00143896
                 434         5.06632e-11          0.00141856
                 435         4.80057e-11          0.00139845
                 436         4.54879e-11          0.00137862
                 437         4.31015e-11          0.00135908
                 438         4.08409e-11          0.00133981
                 439          3.8698e-11          0.00132082
                 440         3.66691e-11          0.00130209
                 441         3.47448e-11          0.00128363
                 442         3.29226e-11          0.00126543
                 443         3.11957e-11          0.00124749
                 444         2.95599e-11          0.00122981
                 445         2.80084e-11          0.00121237
                 446         2.65395e-11          0.00119518
                 447         2.51472e-11          0.00117824
                 448         2.38286e-11          0.00116153
                 449         2.25779e-11          0.00114507
                 450         2.13942e-11          0.00112883
                 451         2.02714e-11          0.00111283
                 452         1.92086e-11          0.00109705
                 453          1.8201e-11           0.0010815
                 454         1.72466e-11          0.00106617
                 455         1.63411e-11          0.00105105
                 456         1.54844e-11          0.00103615
                 457         1.46721e-11          0.00102146
                 458         1.39034e-11          0.00100698
                 459         1.31728e-11         0.000992703
                 460         1.24825e-11          0.00097863
                 461         1.18275e-11         0.000964755
                 462         1.12074e-11         0.000951078
                 463         1.06191e-11         0.000937594
                 464         1.00622e-11         0.000924302
                 465         9.53454e-12         0.000911198
                 466          9.0343e-12         0.000898279
                 467         8.56009e-12         0.000885544
                 468         8.11158e-12          0.00087299
                 469         7.68585e-12         0.000860613
                 470         7.28297e-12         0.000848412
                 471         6.90044e-12         0.000836384
                 472          6.5382e-12         0.000824526
                 473         6.19514e-12         0.000812837
                 474         5.87066e-12         0.000801313
                 475         5.56254e-12         0.000789953
                 476         5.27095e-12         0.000778753
                 477         4.99455e-12         0.000767713
                 478         4.73312e-12         0.000756829
                 479         4.48383e-12         0.000746099
                 480          4.2491e-12         0.000735522
                 481         4.02619e-12         0.000725094
                 482          3.8155e-12         0.000714814
                 483         3.61442e-12          0.00070468
                 484         3.42527e-12          0.00069469
                 485         3.24523e-12         0.000684841
                 486         3.07541e-12         0.000675132
                 487         2.91397e-12          0.00066556
                 488         2.76114e-12         0.000656124
                 489         2.61644e-12         0.000646822
                 490         2.47943e-12         0.000637652
                 491         2.34883e-12         0.000628612
                 492         2.22635e-12           0.0006197
                 493         2.10896e-12         0.000610915
                 494         1.99877e-12         0.000602254
                 495         1.89345e-12         0.000593715
                 496         1.79427e-12         0.000585298
                 497         1.70031e-12            0.000577
                 498         1.61122e-12          0.00056882
                 499         1.52632e-12         0.000560756
                 500         1.44649e-12         0.000552806
                 501         1.37019e-12         0.000544968
                 502         1.29911e-12         0.000537242
                 503         1.23032e-12         0.000529626
                 504         1.16573e-12         0.000522117
                 505          1.1043e-12         0.000514715
                 506         1.04697e-12         0.000507418
                 507         9.91688e-13         0.000500224
                 508         9.40177e-13         0.000493132
                 509         8.90108e-13         0.000486141
                 510         8.44381e-13         0.000479249
                 511         7.99273e-13         0.000472454
                 512         7.58091e-13         0.000465756
                 513         7.17877e-13         0.000459153
                 514         6.80565e-13         0.000452644
                 515         6.44345e-13         0.000446226
                 516          6.1091e-13           0.0004399
                 517         5.78501e-13         0.000433664
                 518         5.48424e-13         0.000427515
                 519         5.20088e-13         0.000421455
                 520         4.92076e-13         0.000415479
                 521         4.66532e-13         0.000409589
                 522         4.41806e-13         0.000403782
                 523         4.18958e-13         0.000398058
                 524          3.9673e-13         0.000392414
                 525         3.76584e-13         0.000386851
                 526         3.56821e-13         0.000381367
                 527         3.38086e-13          0.00037596
                 528         3.20327e-13          0.00037063
                 529         3.02875e-13         0.000365375
                 530         2.88078e-13         0.000360195
                 531         2.71739e-13         0.000355089
                 532         2.57947e-13         0.000350055
                 533         2.44801e-13         0.000345092
                 534         2.32354e-13         0.000340199
                 535         2.18755e-13         0.000335376
                 536         2.08209e-13         0.000330622
                 537         1.96945e-13         0.000325934
                 538         1.86362e-13         0.000321313
                 539         1.77002e-13         0.000316758
                 540          1.6766e-13         0.000312267
                 541         1.59226e-13          0.00030784
                 542         1.50566e-13         0.000303476
                 543         1.42781e-13         0.000299174
                 544         1.35618e-13         0.000294932
                 545         1.28165e-13         0.000290751
                 546         1.20937e-13         0.000286629
                 547         1.14922e-13         0.000282565
                 548         1.08622e-13         0.000278559
                 549         1.03147e-13          0.00027461
                 550         9.76956e-14         0.000270717
                 551         9.34224e-14         0.000266879
                 552         8.75565e-14         0.000263095
                 553         8.39733e-14         0.000259365
                 554         7.84651e-14         0.000255688
                 555         7.55151e-14         0.000252063
                 556         7.12793e-14          0.00024849
                 557         6.76151e-14         0.000244967
                 558         6.34191e-14         0.000241494
                 559         6.11313e-14          0.00023807
                 560         5.72587e-14         0.000234695
                 561         5.45581e-14         0.000231368
                 562          5.0558e-14         0.000228087
                 563         4.84547e-14         0.000224854
                 564          4.6241e-14         0.000221666
                 565         4.41293e-14         0.000218523
                 566         4.13557e-14         0.000215425
                 567           3.991e-14         0.000212371
                 568         3.68032e-14          0.00020936
                 569         3.52673e-14         0.000206392
                 570         3.31984e-14         0.000203466
                 571         3.18503e-14         0.000200582
                 572         3.02752e-14         0.000197738
                 573         2.84417e-14         0.000194935
                 574         2.73074e-14         0.000192171
                 575         2.58619e-14         0.000189446
                 576         2.43993e-14         0.000186761
                 577         2.40334e-14         0.000184113
                 578         2.16564e-14         0.000181503
                 579         2.05891e-14         0.000178929
                 580         1.93621e-14         0.000176393
                 581         1.96282e-14         0.000173892
                 582         1.77889e-14         0.000171427
                 583         1.73827e-14         0.000168996
                 584         1.59428e-14           0.0001666
                 585         1.58165e-14         0.000164239
                 586         1.41431e-14          0.00016191
                 587         1.44722e-14         0.000159615
                 588         1.23245e-14         0.000157352
                 589         1.27152e-14         0.000155121
                 590         1.12556e-14         0.000152922
                 591         1.18101e-14         0.000150754
                 592          1.0274e-14         0.000148617
                 593         1.07867e-14          0.00014651
                 594         9.83889e-15         0.000144432
                 595          9.1895e-15         0.000142385
                 596         8.64024e-15         0.000140366
                 597         7.87951e-15         0.000138376
                 598         8.14097e-15         0.000136414
                 599         7.51394e-15          0.00013448
                 600         7.14743e-15         0.000132574
                 601         6.63939e-15         0.000130694
                 602         5.93416e-15         0.000128841
                 603         5.71638e-15         0.000127015
                 604          6.0397e-15         0.000125214
                 605         5.60402e-15         0.000123439
                 606         5.60751e-15         0.000121689
                 607         5.14011e-15         0.000119964
                 608          4.2558e-15         0.000118263
                 609         5.32119e-15         0.000116586
                 610         4.23004e-15         0.000114933
                 611         4.34934e-15         0.000113304
                 612         3.56285e-15         0.000111698
                 613         4.90662e-15         0.000110114
                 614         3.93668e-15         0.000108553
                 615         4.71791e-15         0.000107014
                 616         4.00606e-15         0.000105497
                 617         3.95338e-15         0.000104001
                 618         3.30006e-15         0.000102527
                 619         3.93983e-15         0.000101073
                 620         4.06328e-15         9.96403e-05
                 621          5.5077e-15         9.82277e-05
                 622         4.81725e-15         9.68351e-05
                 623         4.85468e-15         9.54622e-05
                 624         4.11103e-15         9.41088e-05
                 625         4.31042e-15         9.27746e-05
                 626         4.15948e-15         9.14593e-05
                 627         3.32042e-15         9.01627e-05
                 628         3.14696e-15         8.88844e-05
                 629         3.59524e-15         8.76243e-05
                 630         3.49198e-15          8.6382e-05
                 631         4.54911e-15         8.51574e-05
                 632         3.64119e-15         8.39501e-05
                 633         3.11065e-15         8.27599e-05
                 634         2.71955e-15         8.15866e-05
                 635         3.48555e-15         8.04299e-05
                 636         4.31051e-15         7.92897e-05
                 637         4.45401e-15         7.81656e-05
                 638         4.52279e-15         7.70574e-05
                 639         5.19441e-15         7.59649e-05
                 640         4.54618e-15          7.4888e-05
                 641         4.51492e-15         7.38263e-05
                 642         3.77213e-15         7.27796e-05
                 643         4.35686e-15         7.17478e-05
                 644         4.74492e-15         7.07306e-05
                 645          5.3983e-15         6.97279e-05
                 646         4.89599e-15         6.87393e-05
                 647         4.66798e-15         6.77648e-05
                 648         3.84018e-15         6.68041e-05
                 649         3.89335e-15          6.5857e-05
                 650         3.36751e-15         6.49233e-05
                 651         3.31179e-15         6.40029e-05
                 652         3.13231e-15         6.30955e-05
                 653         2.99113e-15          6.2201e-05
                 654         2.60606e-15         6.13191e-05
                 655         2.30751e-15         6.04498e-05
                 656         2.44296e-15         5.95928e-05
                 657         2.26364e-15         5.87479e-05
                 658         2.47199e-15          5.7915e-05
                 659         2.26091e-15          5.7094e-05
                 660         2.29938e-15         5.62845e-05
                 661         2.31035e-15         5.54866e-05
                 662         2.63125e-15         5.46999e-05
                 663         2.45882e-15         5.39244e-05
                 664         2.49072e-15         5.31599e-05
                 665         2.32833e-15         5.24063e-05
                 666         2.62777e-15         5.16633e-05
                 667         2.42859e-15         5.09309e-05
                 668         2.49275e-15         5.02088e-05
                 669         2.33132e-15          4.9497e-05
                 670         2.63092e-15         4.87953e-05
                 671         2.42859e-15         4.81035e-05
                 672         2.49275e-15         4.74215e-05
                 673         2.33132e-15         4.67492e-05
                 674         2.63092e-15         4.60864e-05
                 675         2.42859e-15          4.5433e-05
                 676         2.49275e-15         4.47889e-05
                 677         2.33132e-15          4.4154e-05
                 678         2.63092e-15          4.3528e-05
                 679         2.42859e-15         4.29109e-05
                 680         2.49275e-15         4.23025e-05
                 681         2.33132e-15         4.17028e-05
                 682         2.63092e-15         4.11116e-05
                 683         2.42859e-15         4.05287e-05
                 684         2.49275e-15         3.99541e-05
                 685         2.33132e-15         3.93877e-05
                 686         2.63092e-15         3.88293e-05
                 687         2.42859e-15         3.82788e-05
                 688         2.49275e-15         3.77361e-05
                 689         2.33132e-15         3.72011e-05
                 690         2.63092e-15         3.66737e-05
                 691         2.42859e-15         3.61538e-05
                 692         2.49275e-15         3.56412e-05
                 693         2.33132e-15         3.51359e-05
                 694         2.63092e-15         3.46378e-05
                 695         2.42859e-15         3.41467e-05
                 696         2.49275e-15         3.36626e-05
                 697         2.33132e-15         3.31854e-05
                 698         2.63092e-15         3.27149e-05
                 699         2.42859e-15         3.22511e-05
                 700         2.49275e-15         3.17939e-05
                 701         2.33132e-15         3.13431e-05
                 702         2.63092e-15         3.08988e-05
                 703         2.42859e-15         3.04607e-05
                 704         2.49275e-15         3.00288e-05
                 705         2.33132e-15         2.96031e-05
                 706         2.63092e-15         2.91834e-05
                 707         2.42859e-15         2.87697e-05
                 708         2.49275e-15         2.83618e-05
                 709         2.33132e-15         2.79597e-05
                 710         2.63092e-15         2.75633e-05
                 711         2.42859e-15         2.71726e-05
                 712         2.49275e-15         2.67873e-05
                 713         2.33132e-15         2.64076e-05
                 714         2.63092e-15         2.60332e-05
                 715         2.42859e-15         2.56641e-05
                 716         2.49275e-15         2.53003e-05
                 717         2.33132e-15         2.49416e-05
                 718         2.63092e-15          2.4588e-05
                 719         2.42859e-15         2.42394e-05
                 720         2.49275e-15         2.38957e-05
                 721         2.33132e-15          2.3557e-05
                 722         2.63092e-15          2.3223e-05
                 723         2.42859e-15         2.28937e-05
                 724         2.49275e-15         2.25692e-05
                 725         2.33132e-15         2.22492e-05
                 726         2.63092e-15         2.19338e-05
                 727         2.42859e-15         2.16228e-05
                 728         2.49275e-15         2.13163e-05
                 729         2.33132e-15         2.10141e-05
                 730         2.63092e-15         2.07161e-05
                 731         2.42859e-15         2.04224e-05
                 732         2.49275e-15         2.01329e-05
                 733         2.33132e-15         1.98475e-05
                 734         2.63092e-15         1.95661e-05
                 735         2.42859e-15         1.92887e-05
                 736         2.49275e-15         1.90152e-05
                 737         2.33132e-15         1.87457e-05
                 738         2.63092e-15         1.84799e-05
                 739         2.42859e-15         1.82179e-05
                 740         2.49275e-15         1.79596e-05
                 741         2.33132e-15          1.7705e-05
                 742         2.63092e-15          1.7454e-05
                 743         2.42859e-15         1.72066e-05
                 744         2.49275e-15         1.69626e-05
                 745         2.33132e-15         1.67221e-05
                 746         2.63092e-15         1.64851e-05
                 747         2.42859e-15         1.62513e-05
                 748         2.49275e-15         1.60209e-05
                 749         2.33132e-15         1.57938e-05
                 750         2.63092e-15         1.55699e-05
                 751         2.42859e-15         1.53492e-05
                 752         2.49275e-15         1.51316e-05
                 753         2.33132e-15          1.4917e-05
                 754         2.63092e-15         1.47056e-05
                 755         2.42859e-15         1.44971e-05
                 756         2.49275e-15         1.42915e-05
                 757         2.33132e-15         1.40889e-05
                 758         2.63092e-15         1.38892e-05
                 759         2.42859e-15         1.36923e-05
                 760         2.49275e-15         1.34982e-05
                 761         2.33132e-15         1.33068e-05
                 762         2.63092e-15         1.31181e-05
                 763         2.42859e-15         1.29322e-05
                 764         2.49275e-15         1.27488e-05
                 765         2.33132e-15         1.25681e-05
                 766         2.63092e-15         1.23899e-05
                 767         2.42859e-15         1.22142e-05
                 768         2.49275e-15         1.20411e-05
                 769         2.33132e-15         1.18704e-05
                 770         2.63092e-15         1.17021e-05
                 771         2.42859e-15         1.15362e-05
                 772         2.49275e-15         1.13726e-05
                 773         2.33132e-15         1.12114e-05
                 774         2.63092e-15         1.10524e-05
                 775         2.42859e-15         1.08958e-05
                 776         2.49275e-15         1.07413e-05
                 777         2.33132e-15          1.0589e-05
                 778         2.63092e-15         1.04389e-05
                 779         2.42859e-15         1.02909e-05
                 780         2.49275e-15          1.0145e-05
                 781         2.33132e-15         1.00012e-05
                 782         2.63092e-15         9.85937e-06
                 783         2.42859e-15         9.71959e-06
                 784         2.49275e-15          9.5818e-06
                 785         2.33132e-15         9.44595e-06
                 786         2.63092e-15         9.31204e-06
                 787         2.42859e-15         9.18002e-06
                 788         2.49275e-15         9.04987e-06
                 789         2.33132e-15         8.92157e-06
                 790         2.63092e-15         8.79509e-06
                 791         2.42859e-15          8.6704e-06
                 792         2.49275e-15         8.54747e-06
                 793         2.33132e-15         8.42629e-06
                 794         2.63092e-15         8.30683e-06
                 795         2.42859e-15         8.18907e-06
                 796         2.49275e-15         8.07297e-06
                 797         2.33132e-15         7.95851e-06
                 798         2.63092e-15         7.84569e-06
                 799         2.42859e-15         7.73446e-06
                 800         2.49275e-15          7.6248e-06
                 801         2.33132e-15          7.5167e-06
                 802         2.63092e-15         7.41014e-06
                 803         2.42859e-15         7.30508e-06
                 804         2.49275e-15         7.20152e-06
                 805         2.33132e-15         7.09942e-06
                 806         2.63092e-15         6.99877e-06
                 807         2.42859e-15         6.89955e-06
                 808         2.49275e-15         6.80173e-06
                 809         2.33132e-15          6.7053e-06
                 810         2.63092e-15         6.61024e-06
                 811         2.42859e-15         6.51652e-06
                 812         2.49275e-15         6.42414e-06
                 813         2.33132e-15         6.33306e-06
                 814         2.63092e-15         6.24328e-06
                 815         2.42859e-15         6.15476e-06
                 816         2.49275e-15         6.06751e-06
                 817         2.33132e-15         5.98149e-06
                 818         2.63092e-15         5.89669e-06
                 819         2.42859e-15         5.81309e-06
                 820         2.49275e-15         5.73067e-06
                 821         2.33132e-15         5.64943e-06
                 822         2.63092e-15         5.56934e-06
                 823         2.42859e-15         5.49038e-06
                 824         2.49275e-15         5.41254e-06
                 825         2.33132e-15          5.3358e-06
                 826         2.63092e-15         5.26016e-06
                 827         2.42859e-15         5.18558e-06
                 828         2.49275e-15         5.11207e-06
                 829         2.33132e-15         5.03959e-06
                 830         2.63092e-15         4.96814e-06
                 831         2.42859e-15         4.89771e-06
                 832         2.49275e-15         4.82827e-06
                 833         2.33132e-15         4.75982e-06
                 834         2.63092e-15         4.69234e-06
                 835         2.42859e-15         4.62582e-06
                 836         2.49275e-15         4.56024e-06
                 837         2.33132e-15         4.49558e-06
                 838         2.63092e-15         4.43185e-06
                 839         2.42859e-15         4.36902e-06
                 840         2.49275e-15         4.30708e-06
                 841         2.33132e-15         4.24602e-06
                 842         2.63092e-15         4.18582e-06
                 843         2.42859e-15         4.12648e-06
                 844         2.49275e-15         4.06797e-06
                 845         2.33132e-15          4.0103e-06
                 846         2.63092e-15         3.95345e-06
                 847         2.42859e-15          3.8974e-06
                 848         2.49275e-15         3.84214e-06
                 849         2.33132e-15         3.78767e-06
                 850         2.63092e-15         3.73397e-06
                 851         2.42859e-15         3.68104e-06
                 852         2.49275e-15         3.62885e-06
                 853         2.33132e-15          3.5774e-06
                 854         2.63092e-15         3.52669e-06
                 855         2.42859e-15         3.47669e-06
                 856         2.49275e-15          3.4274e-06
                 857         2.33132e-15         3.37881e-06
                 858         2.63092e-15          3.3309e-06
                 859         2.42859e-15         3.28368e-06
                 860         2.49275e-15         3.23713e-06
                 861         2.33132e-15         3.19123e-06
                 862         2.63092e-15         3.14599e-06
                 863         2.42859e-15         3.10139e-06
                 864         2.49275e-15         3.05742e-06
                 865         2.33132e-15         3.01408e-06
                 866         2.63092e-15         2.97134e-06
                 867         2.42859e-15         2.92922e-06
                 868         2.49275e-15         2.88769e-06
                 869         2.33132e-15         2.84675e-06
                 870         2.63092e-15         2.80639e-06
                 871         2.42859e-15         2.76661e-06
                 872         2.49275e-15         2.72738e-06
                 873         2.33132e-15         2.68872e-06
                 874         2.63092e-15          2.6506e-06
                 875         2.42859e-15         2.61302e-06
                 876         2.49275e-15         2.57597e-06
                 877         2.33132e-15         2.53945e-06
                 878         2.63092e-15         2.50345e-06
                 879         2.42859e-15         2.46796e-06
                 880         2.49275e-15         2.43297e-06
                 881         2.33132e-15         2.39848e-06
                 882         2.63092e-15         2.36447e-06
                 883         2.42859e-15         2.33095e-06
                 884         2.49275e-15         2.29791e-06
                 885         2.33132e-15         2.26533e-06
                 886         2.63092e-15         2.23321e-06
                 887         2.42859e-15         2.20155e-06
                 888         2.49275e-15         2.17034e-06
                 889         2.33132e-15         2.13957e-06
                 890         2.63092e-15         2.10924e-06
                 891         2.42859e-15         2.07933e-06
                 892         2.49275e-15         2.04985e-06
                 893         2.33132e-15         2.02079e-06
                 894         2.63092e-15         1.99214e-06
                 895         2.42859e-15          1.9639e-06
                 896         2.49275e-15         1.93606e-06
                 897         2.33132e-15         1.90861e-06
                 898         2.63092e-15         1.88155e-06
                 899         2.42859e-15         1.85488e-06
