    6.90875477931522    -36.2955260088722    -36.1952032872444    -14.9066696750967    -10.1165797977603   -0.494781546652812    -3.26298769397643
    6.91075078796194    -35.6316989655692    -35.1615336417642    -14.9145379897956    -10.1204585022004    -0.49686985788177    -3.26398362680896
    6.91373735065968    -35.9757027272086    -37.3916288859349    -14.9263119342304    -10.1262629046111   -0.499994718432623    -3.26547380168089
     6.9177056098353    -37.1344835373432    -35.4067459268801    -14.9419575785848    -10.1339767583234   -0.504147085035714    -3.26745379070366
    6.92264389147589    -36.2805631361955    -37.1760325402561    -14.9614301823002    -10.1435786291296   -0.509315038605272     -3.2699177580474
    6.92853781816467    -36.0653719130718    -35.6316989655692     -14.984674609474    -10.1550420854104   -0.515483897863713    -3.27285851644424
    6.93537044601511    -34.9411424600334    -34.8530508193544    -15.0116258329507    -10.1683359293323   -0.522636360169849    -3.27626759563194
    6.94312242281943    -37.7493785210034    -36.3793446807553    -15.0422095177966    -10.1834244650865   -0.530752660883173    -3.28013532140752
    6.95177216439891     -36.826656898799    -36.5136570183629    -15.0763426735441    -10.2002677995964    -0.53981075318806    -3.28445090377742
    6.96129604591017    -36.8013390908147    -35.9738795726471    -15.1139343637881    -10.2188221707043   -0.549786502416664    -3.28920253258263
    6.97166860472579    -35.0785724930736     -35.003349071836    -15.1548864611066    -10.2390402975631   -0.560653892291879    -3.29437747891186
    6.98286275146894    -36.7807198036119    -35.2318554938876    -15.1990944350886    -10.2608717478074   -0.572385239500277    -3.29996220059072
    6.99484998583307    -35.2129545875784    -35.0123612645485    -15.2464481613379    -10.2842633160608   -0.584951413177769    -3.30594245006394
    7.00760061395185    -35.4425015759278    -34.8342267341088    -15.2968327395848    -10.3091594084411   -0.598322056026721    -3.31230338305194
    7.02108396428914    -39.4487646701004    -38.8479908096715    -15.3501293098918    -10.3355024279473   -0.612465803987608    -3.31902966647088
     7.0352685992811    -34.8643976117421    -34.6351466227262     -15.406215856486    -10.3632331559269   -0.627350501655373    -3.32610558422779
    7.05012252026906    -39.5093892919169    -36.2780909470501    -15.4649679899816    -10.3922911252295   -0.642943410940128    -3.33351513966516
    7.06561336359772    -39.0238814761352    -36.8883504678043    -15.5262596998445    -10.4226149811134   -0.659211410810425    -3.34124215358923
    7.08170858610557      -35.77768984062    -35.2344607927994     -15.589964070093    -10.4541428264887   -0.676121186316204    -3.34927035699566
    7.09837563859079    -35.2440720507095    -35.3742227351745    -15.6559539524879    -10.4868125486177   -0.693639405446373    -3.35758347778804
    7.11558212618445    -35.1952400796461    -34.8955071653268    -15.7241025928278    -10.5205621249454   -0.711732882732758    -3.36616532094909
    7.13329595489607    -37.2646981773417    -36.0855338863621    -15.7942842070323    -10.5553299062778   -0.730368728845672    -3.37499984180383
    7.15148546390474    -37.8393267576663    -35.9793590384118    -15.8663745049009    -10.5910548760477   -0.749514485741507    -3.38407121215367
    7.17011954344963    -36.6761759478607    -36.1594852046423    -15.9402511605034    -10.6276768849088   -0.769138247208935    -3.39336387921787
    7.18916773842032    -35.3722247325119    -35.0564965413744    -16.0157942290276    -10.6651368603442   -0.789208764903938    -3.40286261742147
     7.2086003379602    -35.5497673076895    -35.8850483589405    -16.0928865108517    -10.7033769913924   -0.809695540189898    -3.41255257319462
     7.2283884515736    -36.0855338863621     -35.647344656295    -16.1714138642491    -10.7423408889437   -0.830568902269791    -3.42241930302584
    7.24850407237061    -35.5581455733355    -35.1172576353848    -16.2512654688026    -10.7819737223673   -0.851800073249438    -3.43244880508278
    7.26892012819372    -35.2396918422169     -37.140314457654    -16.3323340417631    -10.8222223334797   -0.873361220882512    -3.44262754477954
    7.28961052145117    -38.7854704526902    -36.8929062843402    -16.4145160106957    -10.8630353290654   -0.895225499827157    -3.45294247469312
    7.31055015853442    -35.3985154277436    -35.3311632457141    -16.4977116448443     -10.904363153309   -0.917367082425151    -3.46338104927843
    7.33171496972647    -37.8393267576663    -37.3916288859349    -16.5818251492971    -10.9461581416063   -0.939761179053629    -3.47393123482557
    7.35308192051543    -35.4896335866859    -35.4286789209706    -16.6667647244298    -10.9883745572864   -0.962384051698755    -3.48458151511978
    7.37462901521894    -34.6982217134495    -34.7089607581041    -16.7524425948049    -11.0309686128041   -0.985213016463828    -3.49532089326334
    7.39633529380081    -36.5309939380162    -36.9066996064725    -16.8387750102228    -11.0738984769634    -1.00822644284774    -3.50613889008441
    7.41818082272679    -35.7739543114349    -35.7048123086376    -16.9256822225842     -11.117124269702    -1.03140374382879    -3.51702553957589
    7.44014668066269    -36.3875751798918    -35.2497951567995    -17.0130884412404    -11.1606080459216    -1.05472536190909    -3.52797138174597
    7.46221493976819    -36.5027789002157    -36.3222621653633    -17.1009217702886    -11.2043137697816    -1.07817275177162    -3.53896745327454
    7.48436864328613    -36.5665964036571    -36.8636578552139    -17.1891141300104    -11.2482072807938    -1.10172835676405    -3.55000527631069
    7.50659178007084    -37.5155396805725    -41.5888308335967    -17.2776011652377    -11.2922562529757    -1.12537558410343    -3.56107684574604
    7.52886925664225    -34.7781372674577    -34.5500472922082    -17.3663221430162    -11.3364301482189    -1.14909877678205    -3.57217461524535
    7.55118686729615     -39.213925079023    -36.9712381276101    -17.4552198418409    -11.3807001649408    -1.17288318358172    -3.58329148230603
    7.57353126274595    -36.2597418083819    -35.2889628912237    -17.5442404337672    -11.4250391829884    -1.19671492756234     -3.5944207725884
    7.59588991771854    -37.3296782970734    -37.3730063738369     -17.633333361844    -11.4694217056673    -1.22058097344839    -3.60555622371368
     7.6182510978767    -35.3150108755427    -34.9476486638561    -17.7224512141298    -11.5138237996809     -1.2444690942986    -3.61669196873328
    7.64060382639363    -40.6725401017226    -36.9206858484472     -17.811549595439    -11.5582230336704    -1.26836783778929    -3.62782251941901
    7.66293785046154    -37.7021256361529    -40.7779006173804    -17.9005869979235     -11.602598415969    -1.29226649239666    -3.63894274952184
    7.68524360797583    -35.6780341895562    -36.1040339001061    -17.9895246725261    -11.6469303321011    -1.31615505373137     -3.6500478781182
    7.70751219460034    -36.1218261015305    -36.5682452086473    -18.0783265007813    -11.6912004824848    -1.34002419122879    -3.66113345314628
