                   0                   0             37.8553
                   1             35.4505             35.5266
                   2             33.2417             33.3412
                   3             31.1864             31.2902
                   4             29.2641             29.3653
                   5             27.4625             27.5589
                   6             25.7726             25.8636
                   7              24.187             24.2726
                   8              22.699             22.7795
                   9             21.3026             21.3782
                  10             19.9922             20.0631
                  11             18.7623             18.8289
                  12             17.6081             17.6706
                  13              16.525             16.5836
                  14             15.5084             15.5635
                  15             14.5544             14.6061
                  16             13.6591             13.7076
                  17             12.8188             12.8644
                  18             12.0303              12.073
                  19             11.2902             11.3303
                  20             10.5957             10.6333
                  21             9.94391             9.97923
                  22              9.3322             9.36535
                  23             8.75813             8.78924
                  24             8.21937             8.24856
                  25             7.71375             7.74115
                  26             7.23924             7.26495
                  27             6.79391             6.81804
                  28             6.37598             6.39863
                  29             5.98376             6.00502
                  30             5.61567             5.63562
                  31             5.27022             5.28894
                  32             4.94602             4.96359
                  33             4.64176             4.65825
                  34             4.35622              4.3717
                  35             4.08825             4.10277
                  36             3.83676             3.85039
                  37             3.60074             3.61353
                  38             3.37924             3.39124
                  39             3.17136             3.18263
                  40             2.97627             2.98685
                  41             2.79319             2.80311
                  42             2.62136             2.63068
                  43             2.46011             2.46885
                  44             2.30877             2.31698
                  45             2.16675             2.17445
                  46             2.03346             2.04069
                  47             1.90837             1.91515
                  48             1.79098             1.79734
                  49              1.6808             1.68678
                  50             1.57741             1.58301
                  51             1.48037             1.48563
                  52             1.38931             1.39424
                  53             1.30384             1.30848
                  54             1.22364             1.22799
                  55             1.14837             1.15245
                  56             1.07772             1.08155
                  57             1.01143             1.01502
                  58            0.949209            0.952581
                  59            0.890818            0.893983
                  60            0.836019            0.838989
                  61            0.784591            0.787378
                  62            0.736326            0.738943
                  63            0.691031            0.693486
                  64            0.648522            0.650826
                  65            0.608628             0.61079
                  66            0.571188            0.573217
                  67            0.536051            0.537956
                  68            0.503076            0.504863
                  69            0.472129            0.473806
                  70            0.443086             0.44466
                  71            0.415829            0.417307
                  72            0.390249            0.391636
                  73            0.366243            0.367544
                  74            0.343713            0.344935
                  75             0.32257            0.323716
                  76            0.302727            0.303802
                  77            0.284104            0.285114
                  78            0.266628            0.267575
                  79            0.250226            0.251115
                  80            0.234833            0.235667
                  81            0.220387             0.22117
                  82             0.20683            0.207565
                  83            0.194107            0.194797
                  84            0.182166            0.182814
                  85             0.17096            0.171568
                  86            0.160444            0.161014
                  87            0.150574            0.151109
                  88            0.141311            0.141813
                  89            0.132618             0.13309
                  90             0.12446            0.124903
                  91            0.116804            0.117219
                  92            0.109619            0.110008
                  93            0.102876            0.103241
                  94           0.0965472           0.0968902
                  95           0.0906081             0.09093
                  96           0.0850343           0.0853364
                  97           0.0798034           0.0800869
                  98           0.0748942           0.0751603
                  99           0.0702871           0.0705368
                 100           0.0659633           0.0661977
                 101           0.0619056           0.0621255
                 102           0.0580974           0.0583039
                 103           0.0545236           0.0547173
                 104           0.0511695           0.0513513
                 105           0.0480218           0.0481924
                 106           0.0450677           0.0452279
                 107           0.0422954           0.0424456
                 108           0.0396936           0.0398346
                 109           0.0372518           0.0373841
                 110           0.0349602           0.0350844
                 111           0.0328096           0.0329262
                 112           0.0307913           0.0309007
                 113           0.0288972           0.0289999
                 114           0.0271196           0.0272159
                 115           0.0254513           0.0255417
                 116           0.0238857           0.0239705
                 117           0.0224163            0.022496
                 118           0.0210374           0.0211121
                 119           0.0197433           0.0198134
                 120           0.0185287           0.0185946
                 121           0.0173889           0.0174507
                 122           0.0163193           0.0163772
                 123           0.0153154           0.0153698
                 124           0.0143732           0.0144243
                 125           0.0134891            0.013537
                 126           0.0126593           0.0127043
                 127           0.0118805           0.0119228
                 128           0.0111497           0.0111893
                 129           0.0104638            0.010501
                 130          0.00982014          0.00985503
                 131          0.00921605           0.0092488
                 132          0.00864912          0.00867985
                 133          0.00811707          0.00814591
                 134          0.00761774          0.00764481
                 135          0.00714913          0.00717454
                 136          0.00670935          0.00673319
                 137          0.00629662            0.006319
                 138          0.00590929          0.00593028
                 139          0.00554577          0.00556548
                 140          0.00520462          0.00522312
                 141          0.00488446          0.00490181
                 142          0.00458399          0.00460028
                 143            0.004302          0.00431729
                 144          0.00403736          0.00405171
                 145            0.003789          0.00380247
                 146          0.00355592          0.00356856
                 147          0.00333718          0.00334904
                 148          0.00313189          0.00314302
                 149          0.00293923          0.00294968
                 150          0.00275842          0.00276822
                 151          0.00258874          0.00259794
                 152          0.00242949          0.00243812
                 153          0.00228004          0.00228814
                 154          0.00213978          0.00214739
                 155          0.00200815          0.00201529
                 156          0.00188462          0.00189132
                 157          0.00176869          0.00177497
                 158          0.00165989          0.00166578
                 159          0.00155778          0.00156331
                 160          0.00146195          0.00146714
                 161          0.00137202          0.00137689
                 162          0.00128762          0.00129219
                 163          0.00120841           0.0012127
                 164          0.00113407           0.0011381
                 165          0.00106431          0.00106809
                 166         0.000998839          0.00100239
                 167         0.000937395         0.000940726
                 168         0.000879731         0.000882857
                 169         0.000825614         0.000828548
                 170         0.000774826         0.000777579
                 171         0.000727163         0.000729746
                 172         0.000682431         0.000684856
                 173         0.000640451         0.000642726
                 174         0.000601053         0.000603189
                 175         0.000564079         0.000566084
                 176          0.00052938         0.000531261
                 177         0.000496815          0.00049858
                 178         0.000466253          0.00046791
                 179         0.000437571         0.000439126
                 180         0.000410654         0.000412113
                 181         0.000385392         0.000386762
                 182         0.000361685          0.00036297
                 183         0.000339436         0.000340642
                 184         0.000318555         0.000319687
                 185         0.000298959         0.000300021
                 186         0.000280569         0.000281565
                 187         0.000263309         0.000264245
                 188         0.000247112          0.00024799
                 189         0.000231911         0.000232735
                 190         0.000217644         0.000218418
                 191         0.000204256         0.000204982
                 192         0.000191691         0.000192372
                 193         0.000179899         0.000180538
                 194         0.000168833         0.000169432
                 195         0.000158447          0.00015901
                 196           0.0001487         0.000149228
                 197         0.000139553         0.000140048
                 198         0.000130968         0.000131433
                 199         0.000122911         0.000123348
